"LD1" "LD2" "grp" ".sample"
0.950035028214091 -4.7820874139898 "G" 1
-4.43289687870621 0.751419933513302 "F" 1
-3.05676369798075 2.64324683296564 "F" 1
5.22626750674308 1.03211740980306 "W" 1
-4.29809372277947 -0.108235206951785 "F" 1
0.848430946445174 0.982233253786994 "Q" 1
2.40309355595102 0.532347255907648 "Q" 1
0.239417557281893 1.21268250895529 "Q" 1
-4.03399541732968 1.51978393577174 "F" 1
-1.04640251287128 0.0586739627443524 "Q" 1
-0.484472485282387 -2.30985417811741 "G" 1
-0.573233693333527 -4.55659571180066 "G" 1
5.11021898766497 2.16519923986655 "W" 1
-0.287694205799216 -3.30462933436944 "G" 1
-2.47955494555938 1.56846207456482 "F" 1
-0.839331080388088 -3.36343786115307 "G" 1
0.12134578688841 -3.88061825223702 "G" 1
3.8102594563446 -0.653965356132898 "W" 1
-1.87929902024503 2.07539608524836 "F" 1
4.53413977076747 1.20282711384262 "W" 1
4.85116226144369 0.315829861277377 "W" 1
3.89749985653535 2.86627635224693 "W" 1
0.238209292334168 0.565100995523374 "Q" 1
-3.47274234687831 2.00716431521138 "F" 1
3.51703003145374 1.64344073219441 "W" 1
-2.40189253911977 1.73217976240846 "F" 1
0.188516949601983 -1.47563010235559 "G" 1
3.14586561724356 1.22516545408027 "W" 1
-5.16692214069378 1.84712756797735 "F" 1
0.412347359999425 -1.02274325112992 "Q" 1
-2.41373122053438 -3.95271224993708 "G" 1
-1.87516674259727 0.340841655276054 "F" 1
-0.596237856652147 -1.21364149704065 "G" 1
-0.512459778312909 -2.1402000060556 "Q" 1
1.31980489704462 -0.44479107421318 "Q" 1
0.908570282571881 0.193138933596679 "Q" 1
-1.63901925483583 2.03902113080966 "Q" 1
4.27449584452082 0.883933741814806 "W" 1
-5.5487413082658 1.67872500158342 "F" 1
-3.60750658971253 1.96849299408287 "F" 1
-0.371187667894383 -0.17876624429027 "Q" 1
5.59732363594364 0.905686282809805 "W" 1
-0.891370895049057 -3.17655734409208 "G" 1
4.41507520889163 0.607347907307298 "W" 1
0.157830060689739 0.908872734996379 "Q" 1
-2.46096630024369 2.84194511466967 "F" 1
-1.20499105242663 -2.62632000082524 "G" 1
-3.04322064285493 2.17106366303929 "F" 1
4.5647063647285 -0.319880378257771 "W" 1
-2.11375226295701 -2.97507834492639 "G" 1
-3.21504192353322 3.43995993836867 "F" 2
2.66974547747937 -1.7115807816031 "Q" 2
4.09799462834401 2.77622512421133 "W" 2
-3.29401133960494 -2.16712425214695 "G" 2
2.57176823644264 2.54153544034288 "W" 2
3.93298838287384 3.06392364461275 "W" 2
1.58350568015115 -2.11025368192268 "Q" 2
3.45556379961907 2.07727733554508 "W" 2
-4.59570991290347 2.63566251319748 "F" 2
-3.27535836360755 0.441282770353386 "F" 2
-3.09697166034324 1.9521300317886 "F" 2
-2.63178102601898 2.34811267981602 "F" 2
-4.15915302608483 -3.30150105171659 "G" 2
3.71405670035367 1.95665342307994 "W" 2
1.21587256426684 -3.18724059003793 "Q" 2
-4.057339701847 4.68877885122618 "F" 2
2.9915956387762 2.37137503540889 "W" 2
3.95121520208543 2.45215355648104 "W" 2
3.16858694531479 -1.84222955506765 "Q" 2
3.21849654755379 -1.8916861146915 "Q" 2
3.88206310665288 -3.23522355998803 "Q" 2
-2.00946593351769 -3.18523966977127 "G" 2
-3.08595844940395 2.50215679521448 "F" 2
-2.68937119954973 2.87365975471815 "F" 2
3.43402371537527 -3.22952881383524 "Q" 2
-2.0291063319859 -3.49157483069357 "G" 2
4.1998054087244 -1.95577464897106 "Q" 2
3.70149250490136 -3.23042024295559 "Q" 2
-3.43333717907784 -3.09374970840525 "G" 2
2.34214533375544 -2.89087968601617 "Q" 2
3.67585109169067 1.30826197904541 "W" 2
-1.05046235936092 -2.44174315141533 "G" 2
-2.8076341792726 0.672385086599672 "F" 2
-2.70197848161159 4.91345923458837 "F" 2
1.24539696156931 -2.78536546310612 "Q" 2
-3.55077954129307 -4.50287251124765 "G" 2
3.76863691845748 1.93612899644686 "W" 2
-1.73504470824328 -4.50898824149771 "G" 2
-3.15767129373887 0.630338065405411 "F" 2
-1.59450270111905 -1.05183725904965 "G" 2
-3.22535761170393 2.72273339820583 "F" 2
4.29768986888884 3.00990577033236 "W" 2
2.77152250480737 3.38064268768253 "W" 2
2.89169092406865 2.95317404889708 "W" 2
-0.110859264045872 -2.29296433387183 "Q" 2
-3.26059599030337 3.81921958916187 "F" 2
0.196862660170319 -2.48907395769467 "G" 2
-1.9550512705647 2.82633675658965 "F" 2
-2.42421827402318 -4.09360901230596 "G" 2
-3.83180907956385 -1.6030113893085 "G" 2
8.63544757064725 3.69806548211005 "Q" 3
-6.37830344705982 3.28491690807677 "W" 3
1.44918280285188 -6.40463081587598 "G" 3
-0.0481601347812895 -5.96194114082134 "G" 3
-5.58040701108101 2.82436774272187 "W" 3
-5.23429507200621 2.0635936479087 "W" 3
-0.202503963656415 -5.30223142718839 "G" 3
7.50462986115914 2.10118799446278 "Q" 3
6.22635615477353 1.24228470520294 "Q" 3
1.98048562177211 -8.39022159676476 "G" 3
-2.60915873305844 0.56991734478145 "F" 3
7.9173898903366 3.25581974157751 "Q" 3
5.99629558981306 2.42631480270444 "Q" 3
8.88708154949451 3.42695469662669 "Q" 3
-2.79048138962332 2.10798713387597 "F" 3
8.42434832242511 3.30538329543837 "Q" 3
0.588168243452788 -6.62288680173454 "G" 3
7.69786777954517 1.90951073018901 "Q" 3
-4.03232054920367 4.15687591435403 "W" 3
-3.63959990122777 3.60810778916488 "W" 3
-3.15121743200875 1.29835893556408 "F" 3
-1.80522688620414 0.410040661353644 "F" 3
-3.88307571139978 -0.0977400060221602 "F" 3
-3.63531114001842 0.559297534776983 "F" 3
-2.62592216077159 0.341132037081417 "F" 3
-0.284246035488192 -5.22247661862591 "G" 3
-3.78529957509405 -0.654050762476185 "F" 3
9.67328315678749 2.46568297901116 "Q" 3
2.41304043375049 -5.79131361151854 "G" 3
7.29912018438185 2.1750594970307 "Q" 3
-5.36266447283611 1.14303667465713 "W" 3
-0.0771122175284858 -6.81160519883748 "G" 3
-2.97610183843968 0.350889054901441 "W" 3
-1.08672341420634 -4.73618975607231 "G" 3
-4.34985455847102 1.35274173928097 "F" 3
6.54863663990132 2.30216443618165 "Q" 3
-5.19981695987461 0.584742758690757 "W" 3
0.611627195360692 -6.50856593788122 "G" 3
-4.68390528590832 1.26032030613234 "W" 3
-3.35829380790605 2.60524798667586 "F" 3
-3.2969936639301 1.17840454071107 "F" 3
-4.92621447886355 2.98128738488614 "W" 3
0.382554580729383 -5.71335131542969 "G" 3
-4.57837838049598 3.26533035065979 "W" 3
-3.80269430500361 1.97652470857296 "F" 3
-2.12092759418889 2.76065725295048 "F" 3
7.44083846088891 1.97325216684541 "Q" 3
-2.72764050453613 1.02463772116734 "F" 3
-4.40584242832824 2.10837893235854 "W" 3
2.96233901512874 -5.88127059943678 "G" 3
-0.436613149305536 -4.53834638215143 "F" 4
4.92167034177102 0.472508097343137 "Q" 4
6.95667842495122 0.737387608064538 "Q" 4
-6.32167542944066 2.08030302181829 "W" 4
-5.4313512420312 1.2321110582696 "W" 4
5.7056512498213 0.881569204584348 "Q" 4
-2.68499589787219 -3.35758181538546 "F" 4
4.9595335042404 0.499320939135378 "Q" 4
-6.8473791572395 1.32789390075658 "W" 4
2.64363466230465 -0.243388284232161 "G" 4
-4.80587439862508 2.68480862871603 "W" 4
-1.28855164475095 -3.11498998085906 "F" 4
-1.70165478774551 2.74804554300367 "G" 4
0.907434456751428 2.14996510357226 "G" 4
-5.60433723296787 0.140433264977658 "W" 4
6.79154673485974 0.192949777956329 "Q" 4
0.643492627905662 1.36925833264871 "G" 4
-1.32233537233296 -4.75775262086626 "F" 4
-0.00779207861791063 -3.65986114457602 "F" 4
-4.80562436208286 1.811074663309 "W" 4
1.58583573440799 2.24001376523984 "G" 4
-5.17801060394781 1.28782063335068 "W" 4
6.42654235307486 0.927680786214162 "Q" 4
-0.963703018282321 -3.59447163441783 "F" 4
1.77371752464686 1.9648610935399 "G" 4
-2.1424193121187 -2.07739636920694 "F" 4
-0.966819462200734 -2.31478361058079 "F" 4
1.09653329969219 -3.81248762353155 "F" 4
6.84071212642547 -0.936553034698228 "Q" 4
1.15230646973361 1.27872291697446 "G" 4
5.29932375137113 -0.0783007002512666 "Q" 4
1.34773542055919 3.08494513150477 "G" 4
2.70074302158126 2.41999508601427 "G" 4
4.88860560094654 1.85866980003194 "Q" 4
6.11599163612886 -0.235103944301303 "Q" 4
-2.45100389588405 -4.40195305179207 "F" 4
-2.41477333519171 -4.04048013266236 "F" 4
-4.63961480083782 3.86170721003748 "W" 4
-1.23931904421542 -4.21731448922991 "F" 4
-2.62765690704737 -2.6793774426289 "F" 4
1.92448599891248 2.85320497785799 "G" 4
1.26865714079692 2.43814126247917 "G" 4
-6.03330789437179 2.14312653043901 "W" 4
0.13079031844468 1.07259189279727 "G" 4
4.65212048659571 -1.10839682528618 "Q" 4
6.48189336212936 0.331571534960125 "Q" 4
-1.31881784410025 -0.879011722076598 "F" 4
-4.39473382372119 2.68784337898823 "W" 4
-5.03927190083071 1.45602025827107 "W" 4
-6.54799965229055 -0.186994594121737 "W" 4
4.1206208266031 2.14378323385971 "W" 5
0.143151763075447 -1.18384946927018 "Q" 5
-3.7963929010175 1.33653455704882 "F" 5
-5.12923752114149 2.80996494755559 "F" 5
-4.26679596175485 1.38583463464068 "F" 5
-3.69434238114612 1.951610549996 "F" 5
6.89508258037255 2.18275440116712 "W" 5
4.71950455265622 2.65794558157706 "W" 5
-0.647072041174904 -2.42430068997625 "Q" 5
2.05677510604849 1.0014841969896 "W" 5
4.08493882719668 2.61430454066566 "W" 5
-4.63783990464078 2.14534758106259 "F" 5
0.71896928884448 -1.95404309686238 "G" 5
0.669405193694815 -3.72466099808188 "G" 5
-4.72716914217685 -0.416718786140071 "F" 5
1.27482723021163 -2.23762453584888 "Q" 5
-4.18019464151217 0.46263309271282 "F" 5
-0.313765905498831 -2.4614282723311 "Q" 5
1.66462662115761 -3.16011379542785 "G" 5
-3.70891541551212 1.84384871926959 "F" 5
-1.09008689599429 -2.10083995897242 "G" 5
3.85759303293348 2.95232405407581 "W" 5
0.850035225511317 -2.43074623022527 "Q" 5
3.37291144802865 3.66571896808033 "W" 5
-1.32839406117933 -1.80826226577914 "G" 5
-0.231623997040929 -1.43072716836912 "G" 5
-0.350997578040537 -0.61542521645873 "G" 5
1.10665578427432 -2.34910518752869 "G" 5
3.71396475915314 2.53640657695937 "W" 5
3.73204291547383 2.70961567662395 "W" 5
-7.07856837525535 2.37742532737262 "F" 5
0.630129715859989 -2.01449179704382 "Q" 5
-3.31118286170702 -0.323768600668366 "F" 5
2.26010688764157 -0.206003943832165 "Q" 5
4.64015383574794 2.25768261836919 "W" 5
0.0337469097905312 -3.44477642670503 "Q" 5
0.442649080363831 -2.28765913079226 "Q" 5
1.92109344243612 -2.29690992331077 "Q" 5
5.13502308525014 2.06019854636452 "W" 5
-3.36648426795452 3.780659669039 "F" 5
-3.49689490237798 2.08409450184285 "F" 5
-0.705148991875103 -2.1826396731885 "G" 5
0.341359647196271 -2.09762031777464 "G" 5
3.8057056231149 2.43603455777265 "W" 5
-4.03986179335003 0.889169270759931 "F" 5
0.198928587819724 -2.88962171166291 "G" 5
1.2377647138002 0.557781524066044 "G" 5
-5.39178859714934 2.20963688579241 "F" 5
0.774946983440229 -3.51735982968926 "Q" 5
1.09004446980261 -3.49409718772437 "Q" 5
4.6175502408027 -0.769486464879873 "G" 6
0.932031370401386 0.741255075541893 "W" 6
0.582072519394058 3.53887143005591 "Q" 6
1.13747512374543 0.619496074843883 "W" 6
-0.38538437896465 2.03259185070495 "Q" 6
0.497865793027218 -0.548127890909847 "W" 6
3.77587775943203 -1.9658772640387 "G" 6
3.76258384718014 -2.51569317121094 "G" 6
1.87644160413952 -2.28443978683803 "G" 6
-4.1449344881825 -0.865323603617914 "F" 6
-3.36069012179826 -1.70707347300118 "F" 6
1.17351935360567 3.04236268719597 "Q" 6
-1.22906897751367 3.36870156209287 "Q" 6
-3.35069151221757 -1.97081473213523 "F" 6
-4.1229347687456 -0.682692769653678 "F" 6
-4.93598540696027 0.192319395858425 "F" 6
3.67473098017746 -1.44749787121953 "G" 6
2.46340642074515 -3.53916518323595 "G" 6
-3.4830337944987 0.240511739781517 "F" 6
-3.90688600267058 -0.141760583102515 "F" 6
4.53093335990053 -1.38341490853693 "G" 6
4.31495285309207 -0.0734463165586007 "G" 6
0.464211439935141 -0.97171945574669 "W" 6
3.76467725350631 -1.44815893412443 "G" 6
0.357718969720088 3.98024570116654 "Q" 6
-3.32626503253859 -2.09196716857875 "F" 6
2.65025911344293 0.0457862706603882 "G" 6
2.77482917232688 -1.35155306452323 "W" 6
-3.75772362481218 -2.22287453373534 "F" 6
0.0542983269982385 -0.302920504536236 "W" 6
-0.0166722530122195 2.04701289214269 "Q" 6
-7.42424362885252 -0.997717385756343 "F" 6
0.568283938563348 2.14111186954803 "Q" 6
0.8065884732709 0.490341930674544 "W" 6
-0.357476011333644 3.76083894565113 "Q" 6
1.59347444738376 -0.173196814857886 "W" 6
-5.6879478215901 -1.79197519259089 "F" 6
3.03665380477487 -2.62690198608796 "W" 6
0.366220728829032 1.26067398115849 "Q" 6
0.585075854058932 0.593876515093812 "W" 6
1.67754969013923 -1.26739288707615 "W" 6
-4.48063055972165 -0.918146188412277 "F" 6
2.85904840568242 0.596871725639348 "W" 6
0.143160956208938 3.17635546519185 "Q" 6
-4.84793696754121 -0.91636243288314 "F" 6
5.73420207252336 -0.232022854114922 "G" 6
-5.39419436430624 -0.256180968350342 "F" 6
0.779512069783874 4.67940922957929 "Q" 6
-0.648586538468675 1.73977339147523 "Q" 6
3.30608031093731 -0.824503343743227 "G" 6
5.11178571084616 -1.60031672127244 "Q" 7
4.97314338099071 -0.461674763913584 "Q" 7
5.71556538443711 -1.43416271165053 "Q" 7
-2.21930441017554 3.54928096236125 "F" 7
-0.585795206922757 3.26676375944936 "W" 7
5.37515137460589 -0.413155545931806 "Q" 7
-3.77551508595788 4.05251634236595 "F" 7
-3.08709348770877 -4.45801187021109 "G" 7
5.72772980646567 -0.0644802456770524 "Q" 7
1.29305797748853 1.33445584260404 "W" 7
7.0168696457817 -3.0481658470479 "Q" 7
4.70751729561534 -2.58431086901611 "Q" 7
-3.42541619963255 -3.2624788354014 "G" 7
0.268548626932545 1.36178087282798 "W" 7
-3.38253722832281 -3.87409778413913 "G" 7
-1.0806625769818 4.06190889273917 "F" 7
5.12028551443734 -0.212545157411444 "Q" 7
-3.7666262319446 -3.94452373922945 "G" 7
-3.02222151499928 2.65719751002155 "F" 7
-2.17765815316671 3.33550694092317 "F" 7
-3.09865070917911 1.80118513489673 "F" 7
-1.30453954656305 -4.40651017900003 "G" 7
0.236773387373137 2.28953543704455 "W" 7
-3.11649205850155 -5.3569343497314 "G" 7
-1.17890056066553 2.21408236261361 "F" 7
-3.63549156814637 0.509778367245615 "F" 7
-1.09147159986609 2.53155125080611 "F" 7
-2.18651017383625 -5.1062627318259 "G" 7
2.0225340384154 2.17404721222294 "W" 7
-0.296764383157313 3.2334631346835 "W" 7
-1.54422887637487 1.8635079127258 "F" 7
-5.64811514878971 -4.03042743696297 "G" 7
1.43379967753803 1.45004696312438 "W" 7
3.22764181759094 0.000564513896284751 "Q" 7
5.35161881724756 -0.359312542086073 "Q" 7
-3.04427431592847 2.6334400067661 "F" 7
-1.0096161404386 3.32581698411183 "F" 7
-0.345021067993901 0.402038558547927 "W" 7
-0.252571249757352 1.75086562314227 "W" 7
4.7472988126659 -0.110103035464925 "Q" 7
-3.64898721467904 -4.35840551951189 "G" 7
5.42796959389555 -1.98449047489568 "Q" 7
-2.01329640271717 -4.57843580216722 "G" 7
0.52223185572352 2.78667549312037 "W" 7
-2.0969299950453 -2.44880086992854 "G" 7
-2.01131862131911 2.14580236556958 "F" 7
0.00374778259714469 1.29617260433072 "W" 7
-2.60249258049872 1.44910585073706 "F" 7
-0.581865671574669 2.41922716652047 "W" 7
-1.05290251980328 -1.79871103292175 "G" 7
0.0917453386540126 1.20994601513542 "Q" 8
-0.252385684184651 2.79589919516608 "W" 8
3.79347808129858 -1.67936665526238 "G" 8
-0.823822628987721 3.3623885317513 "W" 8
-3.09077717117542 -1.44098776163084 "F" 8
-0.186838728479656 2.61587905680975 "Q" 8
2.37181416767962 -1.61996653708054 "G" 8
-4.26152058992113 -2.84994026767565 "F" 8
-0.760667994345166 2.0365544689423 "W" 8
2.33652312746177 -1.144788109335 "Q" 8
0.720297329235851 1.96396390956401 "Q" 8
-0.521644978300113 2.88147145742232 "W" 8
0.00775662613900551 1.71052561550275 "Q" 8
1.0396132652899 1.40797576488891 "Q" 8
-0.813296077466539 1.85954860099027 "W" 8
-3.92883941411247 -0.506188572268716 "F" 8
-4.8055039354989 -3.27546460852883 "F" 8
5.54989025925217 -2.73873094711721 "G" 8
3.01222205097703 -1.63180113381029 "G" 8
1.41334182170259 3.29086858799527 "Q" 8
1.13955037942372 0.567673778089934 "Q" 8
5.00556599500418 -2.75702690056176 "G" 8
0.203830885484385 2.26228428768255 "Q" 8
-4.45016215823783 -3.01648773633514 "F" 8
-2.70799362880242 -2.75414619038864 "F" 8
3.51381592978482 -3.09306500380291 "G" 8
2.14132874207099 -2.07710073546999 "G" 8
-2.3505955495835 0.0179584976767647 "F" 8
1.97705558276649 3.90816167846922 "W" 8
-0.679526099675141 2.11076958236786 "W" 8
1.15503183399082 1.63309555230508 "W" 8
-2.60349356933159 2.39391803457941 "W" 8
0.334998777626659 2.4800144012037 "Q" 8
4.26281878462211 -1.02426694289613 "G" 8
3.57126472997277 -2.58289762996384 "G" 8
-1.35803886772556 1.08654294257546 "W" 8
1.62620268510535 2.00199615783824 "Q" 8
-3.59130306073613 -0.729294188410138 "F" 8
-2.67473822978846 -2.43975722995928 "F" 8
-4.52494065646446 -0.772349948234246 "F" 8
-0.276832739705858 4.49220632672101 "W" 8
-0.747370020413259 2.237389482928 "W" 8
-3.80982355884971 -1.65130854336839 "F" 8
-2.62268229868171 -2.99293012852412 "F" 8
4.72364238734535 -2.02948245958839 "G" 8
0.411528864799014 1.75852497224566 "Q" 8
3.02218882613821 -0.932511736319317 "G" 8
-4.67957582965036 -2.81693652564633 "F" 8
5.15133500702914 -2.34017612168339 "G" 8
-2.05446800873666 -1.18858428498986 "F" 8
3.58675058632633 1.26864435309943 "G" 9
-0.639708317618495 -2.53213796453705 "F" 9
-5.50470285749459 1.56604511087457 "W" 9
-4.36841192585188 2.42719069844927 "W" 9
3.90904238765336 0.528431590665685 "G" 9
-1.72527587285077 -4.64354369094237 "F" 9
1.61092535548907 -0.419547274013013 "Q" 9
-5.27166298078043 1.10942298941803 "W" 9
-4.96562705517672 0.762802398381144 "W" 9
2.79212052738793 3.48705635773959 "G" 9
-3.37911966644023 1.84673879453282 "W" 9
2.59194152451749 0.614809327019175 "Q" 9
2.72086564211009 -0.492476948868047 "Q" 9
2.12405251805666 0.86434225784617 "Q" 9
-1.93624185203027 -2.88504796961171 "F" 9
-0.07203920569449 -2.2669812927678 "F" 9
-2.57805902082062 -3.62579858434164 "F" 9
-5.86271401011583 0.688145148242787 "W" 9
1.57355505472239 2.19316434186888 "Q" 9
-1.72015778039622 -1.53483165141512 "F" 9
-1.16228141241985 -3.16299927850713 "F" 9
-1.29588748994055 -1.5423265777079 "F" 9
-5.44159051788051 1.15610898989815 "W" 9
2.9340136321202 0.672847765529808 "Q" 9
-0.0159083102524643 -2.84569823987469 "F" 9
-2.9387968334427 0.335198155857319 "W" 9
5.25611438118804 0.48437607361064 "G" 9
-0.605315665269618 -2.10873483786402 "F" 9
5.6119664870225 1.71314652795881 "G" 9
3.05498841074177 0.889493740761995 "G" 9
0.927260216053505 -4.78704418690317 "F" 9
1.78563991849514 -1.23418145172015 "G" 9
2.84722672579905 -0.0390113285065307 "G" 9
1.25034020061159 2.38532276681116 "Q" 9
4.51507883997315 0.608916864667863 "G" 9
-5.21754976751955 2.12648706709037 "W" 9
4.46843543299062 1.39293647792217 "G" 9
-4.02479880195664 1.4858107865637 "W" 9
3.00437514961934 0.771007881560725 "G" 9
1.29919782510019 0.870129312412199 "Q" 9
-1.2917333286497 -3.35425537839662 "F" 9
4.62530727214158 0.884248572341855 "G" 9
1.12041223383609 -2.03750338047659 "F" 9
2.36856692706227 0.66483637723914 "Q" 9
2.82575733022061 1.97903617932361 "Q" 9
-0.416916868264287 -2.7674720154032 "F" 9
2.39355264950654 1.29357560391335 "Q" 9
-5.24397854527369 2.35138185667279 "W" 9
1.0652064423487 -0.523686577784608 "Q" 9
-6.58421558495402 3.38162426136816 "W" 9
-4.14511928563522 -0.299909254288627 "F" 10
-2.81774428449548 -0.769794918400427 "F" 10
2.73476972294215 2.73885425574552 "Q" 10
1.14571951503813 0.864141474497098 "G" 10
2.98605874764279 -3.98923962304379 "W" 10
-3.96501139114301 0.720354387327013 "F" 10
-3.28554744172135 1.29437230230564 "F" 10
1.06812757897254 -3.73254382835096 "W" 10
1.25545166372669 -0.399238068403581 "G" 10
-0.559376163078254 1.11592775627807 "G" 10
1.02359710592682 1.16164045571302 "Q" 10
2.51367563055315 2.02718309952793 "Q" 10
0.76742338337129 1.68472906041041 "G" 10
-1.06939127477405 3.19877147243199 "G" 10
0.863964039812062 2.37494882663988 "G" 10
3.86020872928887 2.10379197987231 "Q" 10
1.06563749182789 2.6800504730562 "G" 10
-3.90108863714965 -0.752266096351982 "F" 10
2.27692759610407 -2.83691672665739 "W" 10
-3.90741306862114 1.84579158796109 "F" 10
1.41785061283745 -4.66721633482853 "W" 10
0.89929742847673 -3.34716240794056 "W" 10
3.36172745283504 1.25386215686996 "Q" 10
2.878312108643 0.294623566465935 "Q" 10
2.06505971875276 1.19105294395029 "Q" 10
1.88253910227096 0.556578387261087 "Q" 10
-4.78353478339761 -1.94173798296668 "F" 10
2.56555166491048 3.15579765867921 "Q" 10
1.77523455663841 2.40696952930633 "Q" 10
1.64059506443189 0.884917057482697 "G" 10
-1.48376651262901 0.0985981697495649 "G" 10
4.87394384484671 1.13826392082227 "Q" 10
-0.593269463033668 -1.93158953535634 "W" 10
-1.36371974029182 0.883242171654894 "F" 10
-3.25386448889083 -1.04558742774162 "F" 10
3.47438276512728 0.731210636173851 "Q" 10
-0.48986844854065 1.9358276044391 "G" 10
0.790645190206123 -3.76090227264076 "W" 10
0.976813898940621 -2.67167419791906 "W" 10
2.71307091272891 -2.30055027963657 "W" 10
-3.83041349250421 0.922913841281983 "F" 10
-0.0838451021912232 1.02414217063528 "G" 10
-4.47836238797814 -0.338767700643784 "F" 10
-4.84207551585322 0.518011929236714 "F" 10
2.44457192244007 -3.19727635706798 "W" 10
0.836851379870991 -3.35765600880569 "W" 10
0.370189353462693 1.92493525965041 "G" 10
-4.92427570608002 -0.74934251208239 "F" 10
-4.34175081689039 0.491443009945795 "F" 10
1.5912398222723 -1.13357561224479 "W" 10
1.09531676889953 -4.70119555379603 "Q" 11
-9.74360569579212 -0.982538397776673 "F" 11
1.97101695310491 4.67300770233891 "G" 11
-10.3858556201742 -0.682384932486158 "F" 11
3.81237614333024 4.08880746599539 "G" 11
0.409493131812884 -4.84336051104186 "Q" 11
-10.171968776723 -1.72528436109161 "F" 11
8.3823249530758 -0.343415857507653 "W" 11
-9.42658662856091 0.327549745399909 "F" 11
2.97220939374741 -2.72973459964053 "Q" 11
2.19153012926028 5.25561146985088 "G" 11
8.45155635968279 -0.131230022151031 "W" 11
2.95993728013136 2.82065389591708 "G" 11
-9.11617784100402 0.27708906412902 "F" 11
3.80635925380254 3.56559121844525 "G" 11
1.12857399031074 3.80038036390256 "G" 11
1.80783534746934 -5.33655588401688 "Q" 11
1.98943355349503 -3.41745508808068 "Q" 11
1.56384286784624 3.53489178479934 "G" 11
7.31961066097967 -0.456970194046288 "W" 11
3.0215681267165 5.00819681374216 "G" 11
1.61737504494154 5.43106662341391 "G" 11
1.97812803648131 4.9930874147154 "G" 11
-10.4280274562875 0.97786757659631 "F" 11
1.14706320570335 -3.39359171872758 "Q" 11
8.37442084953421 -1.00052127549558 "W" 11
4.97691779947721 0.52233553697725 "W" 11
0.60573065391083 -3.30038818203759 "Q" 11
1.85051128994353 -3.82733401494908 "Q" 11
8.50072948265786 -0.119544779367223 "W" 11
9.39295914803555 1.09403757980549 "W" 11
6.90929955171156 0.338054485150969 "W" 11
0.611088147873864 -2.50377902756354 "Q" 11
2.19412519942489 2.26847324649552 "G" 11
1.6919301128927 -5.70965438225477 "Q" 11
9.22163850894889 -1.17108802617955 "W" 11
-10.0920456939509 1.03784861591362 "F" 11
8.14072946623196 0.169833142744344 "W" 11
-8.49307407094922 1.53736195473329 "F" 11
6.40279447103436 -1.0930252732828 "W" 11
-10.0898789901578 0.318125045729642 "F" 11
-9.89705353840009 0.415875694473142 "F" 11
1.12229242349276 -6.11808544197295 "Q" 11
-8.70515354494667 0.269978668672577 "F" 11
3.38934505124334 2.42600181009806 "G" 11
-10.4616392125523 -0.178058504368619 "F" 11
-1.51158654388945 -4.3503501710749 "Q" 11
-10.7660096375672 1.19174520346697 "F" 11
-9.2238946474396 1.70323873529226 "F" 11
7.5024945411896 0.0688353401100983 "W" 11
5.64079931340033 0.882659039929658 "Q" 12
-2.4979483564561 1.85002703596603 "W" 12
-3.05552132219695 -2.23668578775333 "G" 12
4.74261092847179 -0.535262147976672 "Q" 12
-1.66174928693266 4.94461306331999 "W" 12
-2.44909351346815 -3.56001970690787 "G" 12
-1.8512349452359 3.92502384974994 "W" 12
0.51823089836383 -1.11596401977631 "F" 12
2.34184397142384 -0.735884811429005 "F" 12
-2.71252858366609 4.62456404173403 "W" 12
-3.08214141865949 5.77636166447203 "W" 12
0.319999357140989 -0.788695290844943 "F" 12
-2.07680619687119 2.28720781411358 "W" 12
3.76910126290744 -0.0307481097839821 "Q" 12
-3.08135744872865 -2.54651441114707 "G" 12
-0.204545195427546 0.156191726746259 "F" 12
4.97092775194809 -0.488753309789054 "Q" 12
-1.23221321142 -3.13080474724896 "G" 12
-3.57329240844096 -2.427745957727 "G" 12
3.23411445032685 -0.239425822354976 "Q" 12
0.889407165355674 -1.11777805738142 "F" 12
-0.556342039589075 -0.676741281406964 "F" 12
-2.23867892887944 -3.06646882059031 "G" 12
5.57523547460466 0.18272206175531 "Q" 12
0.110540449595695 -0.384458346000416 "F" 12
-2.14110082197261 3.8746725590447 "W" 12
1.63040557396215 0.0074483584679582 "F" 12
3.00274640892783 1.44249779123517 "Q" 12
-0.343313133015125 0.944488415873418 "F" 12
-0.722351903969626 4.0219338858037 "W" 12
-2.8434028215195 -3.48497217358196 "G" 12
1.54696201383416 3.78588440705334 "W" 12
0.301179897509589 1.7734966608546 "F" 12
-2.90486906902222 0.512289355767335 "W" 12
-2.28246437180431 -2.4828779862178 "G" 12
0.582676912846659 -1.39388886402506 "F" 12
-0.374072421084676 -1.52137616007066 "F" 12
3.55072209467447 0.574007058307137 "Q" 12
4.02629167254617 -0.389845940861087 "Q" 12
4.85648860898821 -2.22066704019959 "Q" 12
-3.70846209076879 -3.31444257392792 "G" 12
1.07978927981202 -0.488197235290191 "F" 12
2.66220346744803 -0.230864228432808 "Q" 12
0.703175008553206 -0.881864492151842 "F" 12
3.33313995851384 -0.406169447292931 "Q" 12
-3.82883801760437 -2.96825632036924 "G" 12
-2.78433611372356 2.34092523381983 "W" 12
-2.67937389005496 -2.67870500197301 "G" 12
-1.49242097017882 -2.30519916093236 "G" 12
-3.0101334404646 3.94226322943059 "W" 12
6.0311259830108 -0.34822263287297 "Q" 13
-3.2865738818468 -2.35378920480546 "F" 13
1.8600506314794 -1.73410541547113 "G" 13
-4.43544211381826 -2.78969274437166 "F" 13
-4.12625020582124 -2.12641673881206 "F" 13
-5.84197144302764 -3.17822891194426 "F" 13
3.84277256997505 -0.645507628112078 "Q" 13
-3.97067120314826 3.92312911723258 "W" 13
-2.93472549394895 2.58946289869964 "W" 13
-4.37642967720506 0.138033901230027 "F" 13
-5.92718566488957 -1.63905926072688 "F" 13
2.72778609762103 -1.42707277288436 "G" 13
0.689888218982638 -2.39475858272396 "G" 13
1.39409838651338 -0.586474650437652 "G" 13
-5.68968993883644 -1.29229411421659 "F" 13
-2.02573389105068 4.09959149580824 "W" 13
1.30673174400439 -1.35406320356081 "G" 13
-1.33387387548707 2.81417666756251 "W" 13
5.72542846473819 0.562227238032107 "Q" 13
-3.76520411413576 -0.982126571292072 "F" 13
3.57503232663594 -1.57015194739382 "G" 13
2.9117111708013 -0.507220161385243 "G" 13
5.37198608728154 -0.531796415237623 "Q" 13
-2.29741817138218 3.00987021025154 "W" 13
-3.94782921033062 -1.68458839447383 "F" 13
-3.00552494496744 3.04679110262106 "W" 13
4.869085722007 -1.89851825153607 "Q" 13
7.21841264329956 2.08912268829916 "Q" 13
-3.75615260741777 -1.18576125215506 "F" 13
-2.16552261735262 3.13233882952186 "W" 13
5.85166693860352 0.407330205242697 "Q" 13
-2.07867872106995 0.23568779463838 "W" 13
-5.34489538991709 4.70489382135417 "W" 13
-0.0847279149387955 3.74422204470014 "W" 13
5.14967047563146 -0.153908384048888 "Q" 13
4.69282188102809 0.754996612623249 "Q" 13
5.09956503339923 1.06327732478045 "Q" 13
-4.60329597604979 -1.38152495301893 "F" 13
2.34422492031065 -0.0920000870356635 "G" 13
-1.69223418238083 2.48363067344319 "W" 13
2.96080419964994 -0.952852786646534 "G" 13
6.05612263727022 -0.28576655773184 "Q" 13
5.63585936656424 1.72918210468348 "Q" 13
2.78555162701985 -1.48690085524806 "G" 13
-5.99728600259234 -0.953038424263379 "F" 13
-2.84699896187937 4.29590751363934 "W" 13
-4.2502454963991 -3.25455830665069 "F" 13
-4.43701069783786 -2.64067485507689 "F" 13
3.0908078599725 -2.38105818032103 "G" 13
3.03036741193175 -1.01173999990824 "G" 13
-0.995842209970453 -5.3958183559852 "W" 14
-0.538876200023684 -3.49077901152917 "W" 14
0.996233170688895 0.475213997141542 "G" 14
3.62478359848064 1.57239854931262 "Q" 14
3.4311544688641 0.182812090512148 "Q" 14
-2.9260271570515 1.54494659657495 "F" 14
-2.60057284097756 1.26141147469518 "F" 14
2.12525022507279 2.18631349234249 "G" 14
0.935748522004778 2.96215285335967 "G" 14
0.0341063296986773 0.477501536099401 "G" 14
-2.4592527852332 -3.33223318731278 "W" 14
4.78675438524941 1.09506828084637 "Q" 14
0.730001030179226 -2.44003116013049 "W" 14
-2.97820867757417 1.65124246301525 "F" 14
0.818444447367142 -0.173793657869779 "G" 14
2.48909517449968 0.314171677945163 "Q" 14
2.10960227277033 0.213581265324631 "G" 14
-3.44956462951307 2.25559660622325 "F" 14
0.577014752982947 -0.851476902409676 "G" 14
-4.3398539654099 -0.0094087892948027 "F" 14
1.60680600134248 1.49421080296521 "G" 14
3.74098233488143 0.244621382658945 "Q" 14
0.977741408069113 1.62254638843779 "G" 14
-1.33694895104915 -3.43951159532701 "W" 14
3.41359819086233 1.66744382536244 "Q" 14
-0.360161034489888 -2.08641427404861 "W" 14
-4.69879041678854 3.29356692093216 "F" 14
2.05708058511817 -0.720912702710861 "Q" 14
-5.27388500832723 2.17444972486582 "F" 14
-0.700820687882295 -4.62824763817586 "W" 14
-1.00531247276948 -1.5886991678842 "W" 14
-1.38830058580407 1.13270212366404 "F" 14
4.44182686042873 -0.734810819637447 "Q" 14
-2.3926041539016 1.45446706790238 "F" 14
3.12114797506802 0.870705610970077 "Q" 14
-3.88053336255983 2.8571328288488 "F" 14
-0.782992421043782 -3.11066814318163 "W" 14
0.141100886012233 1.5972023875031 "G" 14
-3.24232915651564 1.3923367674718 "F" 14
6.71753516566795 0.362614261207326 "Q" 14
-4.33926903146779 1.0152728722805 "F" 14
1.39718658153754 1.89981245479219 "G" 14
2.32395369560446 1.62200057122464 "Q" 14
5.22703830181042 1.33189098301574 "Q" 14
-1.71822470554568 -4.23323229684406 "W" 14
-3.94756242942442 1.46866559090108 "F" 14
-0.00636607359641078 -3.79766471832625 "W" 14
0.684009072295524 1.05292121782698 "G" 14
-0.157880634524176 -5.23787705843489 "W" 14
-2.98801584511345 0.524604812878993 "F" 14
0.229466620474654 -2.50056299690956 "F" 15
-0.975125753815005 -1.94193894996847 "Q" 15
-3.93708937865404 2.71187888323465 "W" 15
4.4590431233259 2.67868859084898 "G" 15
1.40947631853211 0.0618946469736455 "F" 15
-0.882150320286949 -1.58105220929296 "F" 15
5.26882341879687 1.77368769411878 "G" 15
-3.77500377556661 2.53846233743898 "W" 15
-1.72295014662814 -1.31232133028328 "Q" 15
-3.7410429078367 -0.104105600552278 "W" 15
-1.35324579891486 -3.38244964786029 "Q" 15
0.316754584917258 -3.39401033657186 "Q" 15
-0.268066638017291 -0.939435924803043 "F" 15
1.20437314101231 -2.98576296994607 "F" 15
5.67052195876167 0.47112381402917 "G" 15
-1.69868638622569 -0.0857847368902182 "F" 15
-3.92544372670028 1.64989412107658 "W" 15
-0.23155533689798 -0.760292548159064 "Q" 15
-0.275563017927597 -2.89825428141131 "F" 15
-4.13477488245572 2.70495308039232 "W" 15
-3.08939755933106 1.65750866471045 "W" 15
3.22055443142433 0.806011493438787 "G" 15
-4.63119063273237 2.96700949971917 "W" 15
4.57610127315404 1.37240033759666 "G" 15
4.64856180121689 1.7839212391672 "G" 15
-1.86742791923876 2.44583645259979 "W" 15
-4.6533810302929 -2.6270222553564 "Q" 15
-0.0620252111261012 -1.14157361006093 "F" 15
-0.131580495476838 -0.364680373794334 "Q" 15
4.88563789183567 1.88347429666112 "G" 15
-0.0925808955730111 -1.79066582845251 "Q" 15
-1.46295612379556 -2.55152286129515 "Q" 15
4.129482673701 -0.231261956472898 "G" 15
0.642162738473975 -0.907741744487523 "F" 15
-0.0100373052209968 -1.07325593628188 "F" 15
-3.46588126363334 1.13860706442264 "W" 15
3.80620420907865 1.75084336645707 "G" 15
-2.31899378892979 2.74237361000972 "W" 15
0.376211098069404 -3.43945098633717 "Q" 15
-0.536570232159695 -0.482899836051411 "F" 15
0.229641871171875 -1.50696345954751 "F" 15
5.48180548744732 1.27608511375191 "G" 15
-0.42035508220669 -1.44738409395109 "F" 15
0.192983401613854 -1.35727851463704 "Q" 15
-0.320530648221109 -0.44821159410151 "F" 15
-3.79809277772715 1.98000830831725 "W" 15
3.1492152165115 0.917056368437134 "G" 15
4.66894609655795 0.232560675514136 "G" 15
-2.50865202370606 3.85370007793196 "W" 15
-2.27561629677893 -0.142095153372281 "Q" 15
-1.25986854185166 3.36687041732167 "Q" 16
5.25259576192144 -0.578537922510757 "G" 16
5.30419397288591 -1.58611750343266 "G" 16
5.04883241882891 -0.601416984612765 "G" 16
6.48946359962369 -0.993321902774243 "G" 16
5.10797990715597 -2.85803578911448 "G" 16
-3.00882563262808 0.217263558340092 "Q" 16
-0.330255905509998 1.37530982683798 "W" 16
-0.349077880915734 0.752533109394401 "Q" 16
0.0447268377759781 -1.32099118272162 "F" 16
-3.69136026891805 -1.90712089237859 "F" 16
5.13555085276655 -0.783266958298028 "G" 16
-1.29558632609607 0.575121493482121 "W" 16
-4.18294798416043 -2.65292208333545 "F" 16
0.841848224552864 4.0564320176199 "W" 16
-4.08017561755671 -1.86119052565944 "F" 16
0.476033786315259 2.23910989287764 "W" 16
-2.72597983825353 -2.22553125254487 "F" 16
-4.35641839293915 -0.563084406686544 "F" 16
-1.36209405102417 1.54960208717156 "Q" 16
-3.2272165464679 -0.784660623863473 "F" 16
6.45667633307626 -1.95052614644076 "G" 16
0.361758910370696 2.20938596299238 "W" 16
-3.48400992667841 -1.20952425549856 "F" 16
0.718065681604921 3.18208548122898 "W" 16
3.54689578517614 0.292949563249648 "G" 16
-0.706913861579534 2.4482300075319 "W" 16
-0.284185152748213 1.2109073057986 "Q" 16
-3.56238095567756 -1.58579023201806 "F" 16
-2.56730513606904 -1.73940808750574 "F" 16
0.609381754397658 2.50652659957951 "W" 16
-4.18578834818941 -1.45457868661604 "F" 16
0.925093155033379 0.0373156097195141 "W" 16
-2.69902950265978 1.48837824300253 "Q" 16
6.05747778387633 -0.596804114776278 "G" 16
-2.97567847216913 -1.92835874630721 "F" 16
-0.675670788050866 -1.5603249443614 "Q" 16
-1.59121532782149 1.2538968644745 "Q" 16
0.120759629785648 -0.703834235394604 "Q" 16
3.23581896983168 -2.29896461554947 "G" 16
-1.04436166577771 0.638954468474053 "Q" 16
-4.09669670503239 -0.934660619573457 "F" 16
-4.16001493750466 -1.60463624927938 "F" 16
-0.347783579890592 2.84609783789955 "W" 16
-1.39529985858115 0.129541341509754 "Q" 16
4.55765438748241 0.00497151018924519 "G" 16
-1.57420899097852 1.76646594917707 "W" 16
5.83442157846785 0.127861484887777 "G" 16
-0.53357166102339 1.01174841343096 "Q" 16
-0.371307474176165 0.996049915062589 "W" 16
2.07518380211956 2.43643889817714 "F" 17
-0.793402735237052 3.55846036996041 "F" 17
-2.00239470420395 -1.9366592178613 "G" 17
-2.47077728218506 -2.0854817920266 "G" 17
2.11132665294652 -1.81538877994839 "W" 17
-0.532510796743788 2.90122729455051 "F" 17
-0.144620551148378 3.87450432577121 "F" 17
-3.03003400802491 -1.94170173127674 "G" 17
2.56503164331474 -3.19800934632757 "W" 17
0.684173418622048 1.42066059494381 "F" 17
-0.209661434725863 1.10301904063429 "Q" 17
-2.09098203489548 -1.03411961974739 "G" 17
2.44050685945703 -0.960600922798276 "W" 17
-1.51866523647834 -1.09886322493937 "G" 17
-1.32142173567394 -3.15913522377501 "G" 17
-1.34625084565864 -0.0766256382845441 "Q" 17
0.0468786513874055 2.26093343098728 "F" 17
-1.50840165145542 1.74005190743665 "F" 17
0.655840418642635 0.0646612925046653 "Q" 17
4.36311680187692 -0.929316975327262 "W" 17
-1.4811355786922 -2.5950318425508 "G" 17
0.627676138475639 2.89878250720391 "F" 17
-2.10818812598582 -0.996566273151462 "Q" 17
4.66227863048929 -1.93060845696715 "W" 17
-1.25411260944099 -0.31991034378369 "Q" 17
-1.05643654457184 0.236571282314996 "G" 17
-0.425029186594615 -1.05253424183051 "Q" 17
-2.23480631002416 0.812296461290436 "Q" 17
-2.46251988722544 -1.35685174453696 "G" 17
-0.526597051909806 1.2943553595115 "F" 17
-0.911489733377571 3.75962147660569 "F" 17
0.712397570176368 0.311938372094107 "F" 17
-1.18217737529054 -0.613483790972957 "Q" 17
-4.32078220294469 -1.24867520185723 "G" 17
-1.64160463051418 -0.947077785551085 "Q" 17
-2.42107643869973 -2.37509342357343 "G" 17
2.21154280233478 -1.18485360280992 "W" 17
2.9980409288576 1.11711745740629 "W" 17
2.03380994848092 -1.11262980703616 "W" 17
3.87939234808165 -1.09794075380238 "W" 17
2.71551708455994 -0.790644021454722 "W" 17
1.19335259420421 3.40325672290163 "F" 17
4.03291570493454 0.572014302540892 "W" 17
3.92206800263459 -1.5362259155321 "W" 17
-1.17855684005293 3.99090226816656 "F" 17
0.00320999928042033 -1.35881628947829 "G" 17
-1.65216019295892 0.872848486861521 "Q" 17
0.360252338512306 -0.555939999523273 "Q" 17
-0.841980457224378 2.09696028695397 "F" 17
-1.62673615745043 -1.41783617209286 "Q" 17
1.5396009976571 2.53922640983558 "Q" 18
5.52276498724933 -1.8048619014346 "G" 18
-1.86911217151618 -3.16733048018637 "F" 18
-4.65775026774678 1.23930525449867 "W" 18
1.43455507004641 2.03340945470062 "Q" 18
-2.05088438157365 -3.36740162416568 "F" 18
1.9741535353386 1.22279086311191 "Q" 18
1.31431651836811 3.15190693942164 "Q" 18
3.99392490560824 -0.870440806659181 "G" 18
-0.326551118057385 -1.48665652216796 "F" 18
4.85709062196779 0.59772267685535 "G" 18
-2.46370094543338 -3.63568329020272 "F" 18
1.10328905032702 2.19238611362446 "Q" 18
-1.55999399104027 -3.95261825073037 "F" 18
3.1647743014799 1.99811615357746 "Q" 18
-3.637157313657 2.06937327974234 "W" 18
-3.40098162859141 0.808661032889354 "W" 18
3.40101608705851 -1.3809491252043 "G" 18
-3.0547568182073 1.05095769212483 "W" 18
7.07756419782458 -1.04197670654926 "G" 18
-2.29179357518268 -3.21898109593128 "F" 18
-3.3005701347969 3.2931718280469 "W" 18
0.998681330787953 4.11490406862512 "Q" 18
-3.00577142592202 -2.45544984696114 "F" 18
-4.98677697091624 2.96797886227021 "W" 18
-0.419430624125519 2.24164223928342 "Q" 18
-3.03362430912497 -0.6694983975756 "F" 18
-0.915983471870229 -1.68189612126076 "F" 18
-5.08660958728233 1.4418948201708 "W" 18
-4.84296502343553 1.18047265605388 "W" 18
3.22763708916707 -0.284062606683012 "G" 18
3.06395205946332 -2.04794915472824 "G" 18
-1.48319304011004 -1.32958047259346 "F" 18
-3.69342257481716 -0.202539243209367 "W" 18
-1.813165678504 -3.92653754858226 "F" 18
-3.98722595497055 1.38772643025996 "W" 18
-1.70609603437357 -1.67177903525687 "F" 18
-2.32844312796289 -2.68565626363145 "F" 18
1.90186413460318 3.58869551393241 "Q" 18
-4.99250076983916 0.258412015755886 "W" 18
2.28020089259836 3.36843975800969 "Q" 18
4.44525273308896 -1.30608919691765 "G" 18
6.59547539178304 -0.708851765167284 "G" 18
-5.27673486108175 0.155996403345425 "W" 18
-0.193323109856099 -4.34426594200304 "F" 18
2.16625724409078 2.75525279602985 "Q" 18
4.91787871483301 0.781847068095253 "G" 18
4.93860780573688 -0.0268650966039907 "G" 18
0.233553382002207 2.54836690027798 "Q" 18
6.22610785891467 -1.72073673613307 "G" 18
4.5156783968052 0.352423047792604 "W" 19
-1.06024589489968 -1.57989839289377 "G" 19
5.32615102513111 -0.941098211251926 "W" 19
-2.46558627967 -0.967620101264917 "Q" 19
-0.474086345180468 -3.10630720010247 "G" 19
-0.762095918270977 3.38031062806465 "F" 19
5.50738292776404 -2.36514390155638 "W" 19
-1.77688858002677 2.8333586157589 "F" 19
3.30136387008592 -0.811015837446198 "W" 19
-2.63896676704024 -2.71292774700022 "G" 19
3.8758771847818 -1.08869733858889 "W" 19
-0.809172728118026 3.67226062154545 "F" 19
3.91898581157578 -2.17340328116378 "W" 19
-1.84548375990409 -3.24082928322214 "G" 19
-1.18828424380375 2.96136691794792 "F" 19
-1.33276869944644 -0.693805029154951 "Q" 19
-1.03895680796108 2.58070729861558 "F" 19
-1.93740740328062 -1.26505396386074 "G" 19
0.476230946178384 3.89910291308098 "F" 19
-0.316103990123933 -0.991324164736279 "Q" 19
4.40352418077256 0.345385962955827 "W" 19
4.84363802883864 0.474312514453141 "W" 19
-1.13146544173119 3.43804694034269 "F" 19
-1.98167215362204 4.74436554631921 "F" 19
4.2194388153289 0.588307011992201 "W" 19
-3.50328601074746 -1.61533042323482 "Q" 19
-3.61204015421803 -0.677813258929839 "Q" 19
0.772603680828921 -2.20075503208997 "G" 19
-1.68478729455734 -0.759949538435814 "G" 19
4.45059460190427 -0.328149645498864 "W" 19
2.66711469936275 -0.235978998195388 "W" 19
-2.00129245806241 -0.75292375929493 "G" 19
-1.66246791726505 -4.45764610305344 "G" 19
0.710886373866924 -1.14212290892097 "Q" 19
-2.57477217086483 -2.65023384039261 "Q" 19
-3.40223551641841 -3.40996283054266 "Q" 19
-1.45018753959624 3.17894491251718 "F" 19
0.43707514587158 2.63093062059273 "F" 19
-0.177934312150178 2.10649046485885 "F" 19
-0.982748087975128 0.0904077852608319 "Q" 19
-0.587330450574136 -2.47284039297537 "Q" 19
4.0170951841586 0.317985835865122 "W" 19
-0.602506805420581 3.29751507346276 "F" 19
-3.14978475591513 -0.794032878815768 "Q" 19
-0.770543209443681 2.47376466481835 "F" 19
-1.79621371251292 -1.48338599011247 "G" 19
-0.252245456464937 -1.72655479134297 "G" 19
-2.58508266642996 -0.806900694715486 "Q" 19
-0.826262510250045 4.35222731521526 "F" 19
-1.06273483130962 -0.266509152666172 "G" 19
4.35536793567526 -2.81074649094626 "G" 20
-1.51717218454758 -3.39804554094797 "F" 20
-2.02387186840647 -2.5763261911315 "F" 20
-7.84158829555728 2.62439289551824 "W" 20
3.81834289758742 -2.07667234508777 "G" 20
4.53030038291732 -2.05749398801157 "G" 20
-6.34301769284773 4.92500359176958 "W" 20
-7.27814180686296 2.93215283149612 "W" 20
2.58525279513868 -2.18252610802735 "G" 20
-8.4393188571248 -0.777488773504401 "W" 20
5.54492833694031 3.55126401747461 "Q" 20
-6.33342170691441 2.09989110251462 "W" 20
5.0497904299049 -1.03279491063227 "G" 20
-0.85300539787596 -2.65430829024378 "F" 20
4.69046212312153 -2.48597669175649 "G" 20
3.91681310672903 -3.1980629763762 "G" 20
4.91402410370059 -2.35884901278366 "G" 20
-4.09256560925762 -2.55839065773521 "F" 20
-6.31002257505437 2.23791334631623 "W" 20
6.4041591464082 3.21519203585667 "Q" 20
5.82182184435088 3.15929544023929 "Q" 20
4.14423234548762 -4.94642079616656 "G" 20
4.80222867308619 4.29343571987375 "Q" 20
-2.87398035482281 -3.47368484513999 "F" 20
4.66654556949726 2.73290728738683 "Q" 20
-0.520612451121665 -2.08301903466869 "F" 20
-8.88992158561492 1.84811113430542 "W" 20
-7.62841262183344 0.366047810333081 "W" 20
-3.33266472654182 -3.16948066714429 "F" 20
-8.8348480188349 2.54315169846555 "W" 20
4.33690497555423 3.91809370235728 "Q" 20
3.4535945531013 -1.57034810389233 "G" 20
-2.46788023368707 -3.1448830442634 "F" 20
-5.21764418357257 2.06650753913994 "W" 20
4.82123970885685 5.38044704755141 "Q" 20
-1.44407036824736 -3.04733243745646 "F" 20
-7.94809495259092 1.44052133238581 "W" 20
-0.755316377183085 -3.56628802768036 "F" 20
6.09865701307299 3.53571158426373 "Q" 20
-1.12970546133737 -2.04647717496725 "F" 20
6.12441302655126 3.9051729315257 "Q" 20
5.53296028145165 4.2860664829626 "Q" 20
5.49307008047698 -3.52710807200477 "G" 20
-2.61712358119758 -2.07262906090264 "F" 20
-2.06514749896362 -1.81592293743536 "F" 20
-6.63974082717552 2.20645657494845 "W" 20
6.00638693423844 -4.35888103504942 "G" 20
5.58852935916874 3.1540782511445 "Q" 20
-3.40528976828942 -2.23550262894673 "F" 20
4.10255338244572 4.80384548507318 "Q" 20
