"LD1" "LD2" "grp" ".sample"
0.96815178772424 4.4994188983511 "F" 1
-0.794041872059508 4.32872338029057 "F" 1
-1.20006986289116 4.32249863787316 "F" 1
-0.6155978846221 4.37422726314362 "F" 1
-1.61962327368678 4.48940600853544 "F" 1
-1.79491999370059 3.83875181392286 "F" 1
-1.31971548709782 1.9429952039265 "F" 1
-1.82715970565878 2.93447316528649 "F" 1
-1.08482745333787 4.25604205147045 "F" 1
1.24550607947281 5.48180369829806 "F" 1
-0.820573511854168 4.53291561429076 "F" 1
-1.18918957419895 3.87445142551258 "F" 1
-2.41518550772325 1.73639213518735 "F" 1
-1.05793049812408 2.62634677056823 "F" 1
-2.52561769917437 -3.80038430092904 "G" 1
-4.51060054175674 -1.44165156501898 "G" 1
-3.81200238885268 -3.9360116510199 "G" 1
-5.57332385600765 -1.74859830802004 "G" 1
-2.95750321550663 -2.43185239297451 "G" 1
-4.38949380008698 -1.75720991751931 "G" 1
-3.56545555969497 -2.2122180240131 "G" 1
-4.19846550284072 -1.41196730532153 "G" 1
-5.11692840678894 -2.03073536620285 "G" 1
-3.94175391503607 -1.80054406310098 "G" 1
-4.74744207619558 -1.39727914287185 "G" 1
-4.43559583999505 -4.1598056516557 "G" 1
3.13839143989768 -1.36489950452686 "Q" 1
1.89620235080925 -0.461071475025823 "Q" 1
2.24057947282991 -2.30970867696218 "Q" 1
3.73526256296963 -2.57102807115243 "Q" 1
1.93455570709702 -3.19219436768895 "Q" 1
3.53771714787117 -2.39516543406272 "Q" 1
1.82545692814802 -3.03297333878573 "Q" 1
2.0328840799013 -2.78245420356465 "Q" 1
3.86387008345834 -3.35137377710697 "Q" 1
4.29296922791032 -4.30837685495504 "Q" 1
1.27279368904812 -2.92676014525351 "Q" 1
1.55979526967708 -2.44003974151432 "Q" 1
1.39019182698633 0.339245015259799 "W" 1
1.59460504749809 0.259235822071857 "W" 1
2.10277452594963 1.16716056022423 "W" 1
3.84618315649528 0.430754785627727 "W" 1
3.48549432687102 0.291770010240429 "W" 1
2.55859090408753 -0.600782811488245 "W" 1
2.92500879738505 -1.13352672434378 "W" 1
4.39634591145153 0.0213374161031945 "W" 1
1.54864394828478 1.98135931399062 "W" 1
4.24106576404966 1.73122262050206 "W" 1
2.12926243854516 1.02823611878424 "W" 1
1.75071495247251 0.509845085617806 "W" 1
5.62347907696967 3.09088802968227 "W" 2
-2.68137069542819 -3.3855085764737 "G" 2
5.69411237838479 1.6170431337878 "W" 2
-3.12004201484455 -3.27406404311726 "G" 2
-2.45302988281531 -4.05550801577919 "G" 2
-1.8304150623653 -4.3874658651284 "G" 2
-4.23103492543876 2.32391208064767 "F" 2
-4.48491615899396 2.50416497140805 "F" 2
-3.55990715966644 3.58771903265991 "F" 2
-2.04924691725228 -0.821228331672982 "G" 2
-4.39439371760817 -2.76650490039449 "G" 2
0.850034240158111 -2.19633142320468 "Q" 2
4.87525455715215 -0.099101889998909 "W" 2
0.406788113109358 -2.81947992029547 "Q" 2
1.48262468409249 -0.942931207861748 "Q" 2
-2.38662721895155 -3.2254902726586 "G" 2
-2.05634972107792 -3.36399904630723 "G" 2
6.55464625196705 0.784747960150306 "W" 2
-2.51842301458451 -2.1996048607102 "G" 2
-3.23450620352679 3.70316984672195 "F" 2
1.65855675371967 -1.1247479634152 "Q" 2
6.45521382669095 2.4657586003761 "W" 2
-1.87845498728001 -3.39072653418254 "G" 2
1.70409383294335 -1.06630925648765 "Q" 2
1.52323964217185 -1.74271993174645 "Q" 2
2.65204880623771 1.54334141856782 "W" 2
2.67955957366467 -0.874852102155308 "Q" 2
-3.32728089325838 3.734471704169 "F" 2
-5.40884884739861 2.31734705643766 "F" 2
-2.80481481198059 4.08396447284558 "F" 2
-5.64604381111762 2.58848678072677 "F" 2
-1.57274235678681 3.46152810347401 "F" 2
-3.15632834855424 2.90634027527523 "F" 2
-2.7469287590803 2.73126891715739 "F" 2
5.41283789587718 2.60590996059048 "W" 2
-3.49146809419124 -2.2584752610808 "G" 2
-3.69904073485503 2.5251462150768 "F" 2
0.756597494919848 -2.29519833260739 "Q" 2
6.08745150301269 0.778685990864926 "W" 2
-3.01245562956679 1.33479609290003 "F" 2
6.32276776527704 1.55035500978185 "W" 2
1.00130790234455 -1.66454554761176 "Q" 2
4.019065294486 2.54687180424229 "W" 2
4.62257015247116 0.145590132674591 "W" 2
4.71882578229618 1.07555044201719 "W" 2
-5.20187740731732 4.00663077786581 "F" 2
3.03182419134044 -2.20563612737246 "Q" 2
1.92172479150259 -0.480677653148974 "Q" 2
-1.86143961322827 -4.69478428760749 "G" 2
2.75336247637944 -4.67779745908253 "Q" 2
0.194688953221272 4.15504692320606 "F" 3
-3.8539383969552 0.290652133442082 "G" 3
-5.64880044512896 -0.132405383171277 "G" 3
1.88113903426732 -3.28833693786114 "W" 3
-4.97179325028011 0.0694980266157331 "G" 3
-0.47033306787852 1.85114164711296 "F" 3
-4.98831191950996 -1.39758588734785 "G" 3
-0.328997025681948 1.34159441494655 "F" 3
0.490201403078141 1.79051825003936 "F" 3
-6.3488542818924 0.112928283141206 "G" 3
3.13204952555492 1.30459223689246 "Q" 3
3.9758912203133 0.754355787189862 "Q" 3
-4.18680000507318 -2.7945581417147 "G" 3
4.15304336678753 0.227843709274149 "Q" 3
0.908145165913219 -3.57672978697823 "W" 3
-4.75358429090393 1.65594310132786 "G" 3
-0.623891242837103 1.99887358815143 "F" 3
5.48577767486768 0.193897724868905 "Q" 3
0.134072486741859 -2.26071117783039 "W" 3
-0.604153240811731 4.74439917162778 "F" 3
1.27994761619379 -3.74172534987067 "W" 3
0.7528189064562 -3.36825979979309 "W" 3
-1.0470364873567 2.25688528773813 "F" 3
-4.9143665576635 -0.0350818313806557 "G" 3
4.52345076828222 1.42201379034291 "Q" 3
-4.39288743826499 -0.352732273355775 "G" 3
0.417863017862959 -4.28950927622301 "W" 3
-0.782114658851963 -2.11093736659771 "W" 3
-3.59042172918309 1.30491781493418 "G" 3
4.8416124345218 0.524182961206942 "Q" 3
-4.08210677929996 -1.41042517310256 "G" 3
0.942043801521873 1.78088384614272 "F" 3
1.64882437611181 -0.995940503874768 "Q" 3
1.63161624388587 -3.49810314287472 "W" 3
4.16978615686434 1.11786718275866 "Q" 3
-0.918109475207198 2.1419432642681 "F" 3
3.76884158194652 -0.653737119832037 "Q" 3
2.40327049678529 1.25445156764139 "Q" 3
-1.81497370103049 1.47055651047716 "F" 3
1.45327725296148 2.71950439166331 "F" 3
-0.201349441402295 -3.82207410028078 "W" 3
1.74974425147676 -3.75972711851306 "W" 3
3.91285054484973 2.38293765922507 "Q" 3
1.74785846395418 2.60877328392194 "F" 3
4.7976023498428 0.944039542602624 "Q" 3
1.54952393059161 -2.80226287998873 "W" 3
-1.37637270207619 2.71782889031409 "F" 3
-0.910565042802508 3.9288343436766 "F" 3
1.39936027914191 -4.78544393646931 "W" 3
-2.53554012390425 0.00938185231027128 "G" 3
-0.273002484811654 3.83114146447835 "Q" 4
-1.77632583462017 0.309788170366991 "F" 4
5.33816175605025 -2.63185392917883 "G" 4
3.8161006314509 -3.20432788422189 "G" 4
3.12369526304014 -1.05072325713731 "G" 4
1.17450561999556 3.36683543413746 "Q" 4
-4.77558470223926 -4.09974464012101 "W" 4
1.56077036287972 2.94096630161804 "Q" 4
-0.972756379829465 1.34567449901733 "F" 4
3.09023338398439 -2.36553038982061 "G" 4
-3.4228035847677 -2.23439066477211 "W" 4
1.15910832013683 3.77202904377018 "Q" 4
1.2895045414675 1.86457278153696 "Q" 4
0.971685141425764 0.0702218062278876 "F" 4
-1.09399952242225 3.03351956069283 "Q" 4
3.85528965736313 -2.41867470236594 "G" 4
-0.193774531705226 2.56340985644348 "Q" 4
-0.570619318193037 3.37112875182532 "F" 4
-0.928208476481902 0.224597751726605 "F" 4
-5.76940609464978 -2.09198403165102 "W" 4
4.22939366724253 -2.81242728505068 "G" 4
0.64486114156799 3.7658682020648 "Q" 4
0.159905699123647 1.39474957880266 "F" 4
-4.86914799291708 -1.97078198850548 "W" 4
-4.65303999830772 -1.26685428192699 "W" 4
-3.49677996448901 -3.27038968336522 "W" 4
1.24337984848829 0.381128876062376 "F" 4
-4.96955129634577 0.203555813250984 "W" 4
4.94155731832555 -0.642589395935324 "G" 4
-6.48161681916133 -1.80625633801868 "W" 4
1.01597955894517 2.03232785963791 "F" 4
4.37547040834194 -2.47874143340683 "G" 4
-2.29677237334476 -1.91718322613981 "W" 4
-2.0884119549362 0.23443250492804 "F" 4
-0.826127667719864 3.79856177926812 "Q" 4
-1.04913032831759 -0.823584259899502 "F" 4
-3.90037300984662 -2.49783709622609 "W" 4
1.57523873236326 4.94160643495904 "Q" 4
5.24001259640394 -1.90171409564451 "G" 4
0.479453792416614 0.330819668205858 "F" 4
4.36051023829941 -2.14835455112334 "G" 4
4.76298740983804 -3.02668714934635 "G" 4
-0.0666873146154806 2.89750485984718 "Q" 4
-4.87503254740016 -1.88882519611088 "W" 4
3.50701103664469 -3.99386324177749 "G" 4
0.852215493458957 2.78667452339865 "Q" 4
1.44778673261055 0.219972950722872 "F" 4
0.0229282778877012 1.1367212772593 "F" 4
-4.83509509082627 -0.0529792426066398 "W" 4
-0.0534993418042114 1.77848821410326 "F" 4
-2.47872893673876 3.89192119949725 "G" 5
-0.339454014516533 1.89300861912347 "G" 5
4.68063518349564 -0.578033109178782 "Q" 5
-0.679729713358808 -1.28395744922584 "F" 5
-1.54366667173728 -0.0126419367873822 "F" 5
5.96620191352522 -0.494891793764856 "Q" 5
-4.40894359400053 -2.93718833815608 "W" 5
-2.83797029809169 -2.28920084709067 "W" 5
6.67109385995874 -1.60855428925754 "Q" 5
-2.51997291477978 -0.982276833772934 "W" 5
-2.05642433069236 3.38833374862212 "G" 5
-0.123939353501276 0.558000966986594 "F" 5
0.928750721564637 0.225596139467139 "F" 5
-0.817211459828753 1.94742421120519 "F" 5
4.39031160150272 0.000883354095528584 "Q" 5
-2.97469222536934 1.80816491524933 "G" 5
-3.35954598942354 -1.66232166239072 "W" 5
-3.41113504924116 -2.64595867698442 "W" 5
4.01515921699031 -1.32686019811382 "Q" 5
-1.37766807851803 0.255030110904682 "F" 5
-2.79601881114516 -2.79749345413885 "W" 5
5.98762400917206 -0.541332201864952 "Q" 5
-2.95683059447402 -3.14500148483382 "W" 5
0.15368767280321 -0.186245216569831 "F" 5
-3.29273187528492 -3.29796244290691 "W" 5
-0.342093719881591 -0.76476943444488 "F" 5
0.65877910441861 -0.957309250612593 "F" 5
-5.07490140084239 -3.49736058316571 "W" 5
3.37441835099002 -1.29690876661427 "Q" 5
-0.961186305178473 3.85542671757635 "G" 5
0.586948876852611 0.603243909219627 "F" 5
0.746754344616435 1.24394324524748 "F" 5
-3.96091931079311 0.192922430560323 "W" 5
-0.0276580798447968 1.52562512232218 "G" 5
-2.30947261755155 2.74983292777154 "G" 5
-2.36494177838506 -3.03889139911796 "W" 5
0.125348027519798 4.00855407888734 "G" 5
-1.80770034047649 2.88916927343982 "G" 5
6.61961972128879 0.928809042719849 "Q" 5
-3.2481198259508 -3.51876546066108 "W" 5
5.43601788001075 -1.26876872476186 "Q" 5
-0.415409891377394 0.235672685779411 "F" 5
4.79260991439154 -3.08639332164715 "Q" 5
-0.959273411121103 1.12572488732304 "F" 5
-2.64346407629453 2.93770968270709 "G" 5
4.43126552502187 -1.08226149695774 "Q" 5
0.705795553657204 2.40421724425978 "G" 5
-1.31345848059858 3.54632985710165 "G" 5
5.08621401010599 0.428022804702568 "Q" 5
-1.95397233888835 1.65778119825137 "F" 5
-0.74786287668112 3.81691213150037 "W" 6
-3.40577798042998 -2.94119209187858 "Q" 6
-4.40482134939282 -3.77352680760549 "Q" 6
6.22833826160169 -0.0926829501047033 "G" 6
4.06230778223915 -1.25875674886815 "G" 6
-4.52792577884164 -4.10159216299019 "Q" 6
5.22356316290431 -1.20899282468131 "G" 6
6.96514606173089 -1.09217601872756 "G" 6
-2.16450102121017 4.83019000956543 "W" 6
-1.49555202310006 -3.31354053282058 "Q" 6
-0.294844651332446 5.50728953789214 "W" 6
-0.299081809434739 3.68185822052015 "W" 6
-4.27447370770215 -2.59690633071059 "Q" 6
-2.80889327777153 -3.5525897267609 "Q" 6
6.54468989321738 -0.536920086464002 "G" 6
-2.61997283882974 1.79649619955862 "F" 6
-1.06613407681768 4.14661242789483 "W" 6
-2.70364558086365 -1.21173731988101 "F" 6
-1.37903752808913 0.247945771485931 "F" 6
-1.31889779602638 0.28540621514601 "F" 6
0.551040085411215 3.53766543066175 "W" 6
0.0885447752143064 0.747616352412883 "F" 6
-1.97035112996262 -0.136082428452529 "F" 6
7.23964795636698 -1.35293938929478 "G" 6
-2.92032463020241 -3.06539511801106 "Q" 6
7.86585954828387 -1.0593846622172 "G" 6
-0.882733084260508 0.67723758427694 "F" 6
5.65549868761796 -1.13177948827245 "G" 6
-4.66533526366534 -2.50889846424236 "Q" 6
6.02328949311241 -1.74935482973732 "G" 6
-0.620079679512937 0.727240111697117 "F" 6
-1.83080732350812 -3.19508863375938 "F" 6
-1.18189435162109 3.30402746089826 "W" 6
-1.37745066432667 3.47569007388168 "W" 6
-2.94799173526172 1.32669804967911 "F" 6
-2.78592109125429 -2.48119663939268 "Q" 6
7.11827007989814 -0.485377184659662 "G" 6
-4.35287922125762 -3.5863225601122 "Q" 6
-1.1349616433705 3.19863321065944 "W" 6
-1.19121878744203 2.85671302605108 "W" 6
5.6718422850171 -1.49848367103734 "G" 6
-0.498941537185847 0.0639712483812291 "F" 6
-1.27016751058489 2.998224320498 "F" 6
-1.21012497501973 4.33701572033887 "W" 6
-5.24702512682307 -0.822560203821043 "Q" 6
-2.56577610716344 -2.90729110991776 "Q" 6
-0.0860425492212636 -0.826033442800791 "F" 6
-0.161281667399984 -0.359491670567422 "F" 6
-2.53988800135029 2.33434806902786 "W" 6
5.71458030430249 -1.05149807423872 "G" 6
-6.00535780190595 0.623871379036057 "W" 7
-0.224874977186146 -5.87626399859866 "F" 7
-0.784388082744931 -2.45847807916572 "F" 7
-1.76952991075549 2.26805007610624 "Q" 7
-2.61577459176547 1.51984191888154 "Q" 7
8.39665971220647 1.30482424890554 "G" 7
-6.81028018262225 0.775294980732671 "W" 7
9.26913897694788 1.08972387704375 "G" 7
-6.69154390262298 -1.51385131639195 "W" 7
-3.71364711139366 2.51423255759894 "Q" 7
0.907103337896844 -2.12389685327176 "F" 7
-1.69146837172206 3.18048510922652 "Q" 7
-6.53824584116655 -0.298460345740147 "W" 7
-0.278548853939383 -2.32276720516968 "F" 7
9.11627074625523 0.679900546272493 "G" 7
-5.82654691660399 0.704948382689258 "W" 7
-2.26573028746724 -3.78792382726062 "F" 7
9.12775259217552 -0.559790527312735 "G" 7
-0.6123300172436 -2.65075231654718 "F" 7
9.25129313567426 1.42126720955699 "G" 7
-5.89753329632143 -0.213990402440321 "W" 7
-1.37277804605748 -2.60734527127381 "F" 7
-6.94497602909589 0.191737716257659 "W" 7
-0.110071393966999 -4.00943868805268 "F" 7
-1.92255136205806 3.19816917523253 "Q" 7
-3.27692134330131 0.464212378428582 "W" 7
9.41643986487755 1.84612649072698 "G" 7
-0.402730095839593 -2.78091712735137 "F" 7
-4.48251655553861 1.15257753088905 "W" 7
8.53102022302105 -0.732223494317 "G" 7
0.738267663869787 -4.25690385648116 "F" 7
-4.41664780717719 2.27789044274807 "Q" 7
-2.59845467751798 -0.362881673349643 "F" 7
-2.9182528554528 0.479598979896726 "Q" 7
9.768386111474 -0.303779221104769 "G" 7
-2.59334296542026 1.81537149504437 "Q" 7
-3.3259873470043 3.30072767592823 "Q" 7
-1.18521186283899 3.40273464120589 "Q" 7
8.47321913088767 0.692744492664118 "G" 7
9.02878643241664 1.11470157695623 "G" 7
-6.67235920612208 0.205784631430854 "W" 7
-1.66416180196245 3.07974512081871 "Q" 7
11.2989270004616 0.653812399642077 "G" 7
10.1442434307982 0.622832895252752 "G" 7
-6.13186886511989 -0.0552412674519662 "W" 7
0.458717774655664 -2.26392018130097 "F" 7
-1.03698505379983 -3.06087184271193 "F" 7
-2.18836528495123 3.63682487403584 "Q" 7
-1.44476381823966 -3.83313246801459 "F" 7
-7.51147961669256 1.85479716009993 "W" 7
-0.784393688827249 1.99893264368156 "Q" 8
-8.17391005427965 0.665012650650541 "F" 8
-0.605458293706867 0.65131541846668 "Q" 8
5.02666648188024 -4.6233255945682 "W" 8
-9.13926659632439 -0.195602835957653 "F" 8
-7.77747936067823 -1.45815562077624 "F" 8
1.41252246077139 0.530656590322099 "Q" 8
-7.36951840951077 -0.860634933629212 "F" 8
5.50538877899533 2.0669247309169 "G" 8
0.24511428105472 3.07498837425609 "Q" 8
-0.910581967530046 0.0918940438489506 "Q" 8
-8.47975235202192 0.906104348328275 "F" 8
7.16032994708484 2.20115251719513 "G" 8
5.95694902665174 -2.94790626561445 "W" 8
6.30395129430302 -3.23394278722393 "W" 8
3.82598196742631 1.45826610897989 "G" 8
-6.67290520465634 -0.172945843913654 "F" 8
3.72583621044831 3.7989141103738 "G" 8
5.34474884611916 -3.66999030369022 "W" 8
4.43635904291587 3.9470592415274 "G" 8
5.16077140428515 -2.09376127627394 "W" 8
-0.748573493077846 0.834767802923695 "Q" 8
-0.106649661239459 0.197610764321229 "Q" 8
-9.02782546422944 -0.75336739054234 "F" 8
4.0892905737764 -3.96385286492675 "W" 8
-0.420751539231711 2.24198645416611 "Q" 8
-0.558694035018604 -2.06725260865876 "Q" 8
-10.5933582606637 -0.697466531050817 "F" 8
2.52157270796215 -4.03701606726663 "W" 8
-0.0579139466405331 1.52980720011122 "Q" 8
4.53292166201141 -3.81401888661858 "W" 8
5.39380362833529 -3.32445330344362 "W" 8
5.69434614962129 1.61939794353509 "G" 8
6.05090050234303 -1.66762992465913 "W" 8
5.52014720413088 2.33668413800787 "G" 8
-6.31274224995042 0.0794371284880871 "F" 8
-7.86163127111586 -1.67899054814531 "F" 8
4.45781438448387 3.68156701441949 "G" 8
6.02924910800196 -2.62466787089351 "W" 8
-8.79254620886956 -0.0314770886995207 "F" 8
5.26496896577264 -3.82307536089073 "W" 8
-0.738652947597629 1.91427843374648 "Q" 8
5.14298144593218 2.44023407482201 "G" 8
4.43993892187733 4.17873418813489 "G" 8
-7.53340189038358 -1.74274430227046 "F" 8
-8.89829619703081 -0.063937276866711 "F" 8
5.27228041988744 2.70685087771096 "G" 8
-0.8708476196687 1.64235926530075 "Q" 8
-9.64420440479496 0.249499411254669 "F" 8
3.56451970097632 2.5017800110906 "G" 8
-2.52962158148243 -4.31107997637185 "F" 9
-3.13170998718879 -0.456273245341109 "W" 9
-2.09000932828232 -3.21932625418647 "F" 9
6.28986638095752 -0.559903695541765 "G" 9
5.00361620751239 0.463828969427923 "G" 9
-1.25284426699929 1.25471269648589 "W" 9
1.01944194095441 5.06909238217762 "Q" 9
-1.88457012089903 -2.8092000066439 "F" 9
-3.21232413825839 2.83553065316961 "W" 9
3.54856026632256 -2.16363617793808 "G" 9
-0.995588497546145 4.47768874482871 "Q" 9
6.55784939142796 -2.13449302082434 "G" 9
-0.860654378254188 1.87147986349732 "W" 9
-1.09074678290809 -0.84790016881593 "W" 9
-1.23155444490011 3.93274013698779 "Q" 9
-3.00785269877338 -2.73608480899657 "F" 9
-2.42431815310852 -3.37508947872925 "F" 9
-3.40568755618011 -1.91873633677242 "F" 9
-0.595875409064305 2.85455736062759 "Q" 9
-1.1418900212066 2.91608540737895 "Q" 9
-2.91300362325408 -1.20654510302749 "W" 9
6.20078914703 -1.68322302765432 "G" 9
-3.14267926220527 -2.10664012238964 "F" 9
5.98342453945855 -0.748204778774805 "G" 9
-1.73195977364332 4.28137043776799 "Q" 9
-1.58032051657477 -4.58648476545937 "F" 9
-2.10284575917832 -1.87532515924446 "F" 9
-4.0664884452578 0.0942845864522113 "W" 9
-2.36859732088807 0.606421412217695 "W" 9
-1.81242288749182 5.29582449045281 "Q" 9
-2.78160355241423 1.29925292405938 "W" 9
7.65197470790396 -0.410989195391068 "G" 9
-1.7070873030922 -2.3230982932154 "F" 9
-2.89366151062894 -1.42891721646365 "W" 9
-3.5703728467893 -1.96925850899201 "F" 9
-3.64705579260369 -3.60676054839207 "F" 9
6.22811280295209 0.168918558522982 "G" 9
5.48892977347526 -1.30102479302315 "G" 9
-1.87281408682207 4.43491322782409 "Q" 9
0.0462676399261746 -0.500114595649468 "W" 9
-3.5596146619349 -3.3338567638804 "F" 9
-0.54274585221553 3.71450679675523 "Q" 9
5.66859275208076 -1.29282243975236 "G" 9
-1.39056677979945 0.390013581786903 "W" 9
6.45487416285419 0.21664127123954 "G" 9
0.331418801691817 2.65741479229906 "Q" 9
-0.297602254683079 3.51324651931971 "Q" 9
-1.26976431679617 3.35873674817914 "Q" 9
6.42068015874823 0.0358689339042931 "G" 9
-0.78794476197128 -2.83814201389104 "F" 9
4.93466775308946 -2.90912427595261 "Q" 10
2.08005329756722 6.32927892626266 "W" 10
-3.53217838105051 -2.36328082471883 "G" 10
5.95228594787467 -2.73390995955352 "Q" 10
-2.59596141458178 -1.09411690723746 "G" 10
6.02175879454541 -3.91878321294219 "Q" 10
2.2457725633733 6.4500175056314 "W" 10
-3.15755750779008 -0.69958812216305 "F" 10
4.74272126349284 6.22242799384098 "W" 10
1.11480316560127 3.45924576697957 "W" 10
-3.5387383387979 -2.51235695204136 "G" 10
4.46264493330384 -3.15029842028124 "Q" 10
-2.11258076853469 -0.473097398161201 "F" 10
-4.30980707984593 -3.83638414659253 "G" 10
-3.888062062322 -3.23593147604554 "G" 10
-3.70374379684788 1.21814087424731 "F" 10
5.2595495253793 -4.85816242049369 "Q" 10
-1.96999449819684 1.01334299930737 "F" 10
0.168114242099977 6.83610526545442 "W" 10
3.54403073416135 -3.82289330185007 "Q" 10
-3.80270242871169 -2.86940386340276 "G" 10
-4.37168661509468 -1.5420451663926 "F" 10
-2.24816730182214 -2.38342847199003 "G" 10
6.03024255572611 -2.97116787923942 "Q" 10
5.54643425829124 -4.14146721950501 "Q" 10
-4.06753406683612 2.06282583340533 "F" 10
-2.13345206909843 0.735143853242648 "F" 10
-5.28419220981813 1.11593354115613 "F" 10
2.19731456179451 6.2381542417707 "W" 10
-2.05226929632755 -2.56237211699475 "G" 10
-1.65637937348502 -3.25801933833289 "G" 10
-2.08965926518763 1.44524874299149 "F" 10
1.80478342316569 3.93080322862698 "W" 10
-4.98555831416449 1.55788644386199 "F" 10
-2.30842004156728 -1.42420379772669 "G" 10
-3.73605295498597 -0.238349396952176 "F" 10
2.89875291049358 4.01823216990714 "W" 10
4.11914553192307 -1.99090201088767 "Q" 10
1.47645508538571 4.71475803420582 "W" 10
5.2968534671316 -3.56837791304023 "Q" 10
4.63491843549229 -3.04286193664632 "Q" 10
-3.16798655980776 -2.32332127919485 "G" 10
4.52069338464917 -3.13393669053525 "Q" 10
2.7388625917811 5.27076772503215 "W" 10
-3.40570293888989 -0.243407674120866 "F" 10
0.805550235831778 5.76982732935905 "W" 10
-4.39150259033914 0.536245984865143 "F" 10
1.40851656636059 6.42585824748141 "W" 10
-2.33875278641045 -2.17398720098234 "G" 10
-3.15628256800123 -1.87506533365238 "F" 10
2.86671732584495 -0.613722071187149 "W" 11
0.290056232553155 0.443551390528268 "W" 11
-3.61101903827915 0.415615688113184 "F" 11
-5.58334796153599 0.872542251622387 "F" 11
1.0656381470219 4.13904396112631 "Q" 11
1.1473487171833 -4.49466426224675 "G" 11
2.05626275078666 2.45973468211609 "Q" 11
2.47716117487932 2.34880055811843 "Q" 11
0.23608245332475 -4.15941046272641 "G" 11
3.08065994765477 -0.140296883668503 "W" 11
-2.9886828766832 1.47493805296348 "F" 11
2.08625020794151 -2.59342213253782 "G" 11
1.27591470397287 1.93329452788833 "Q" 11
-3.06953298129197 -0.105863411950309 "F" 11
2.20904170084672 -0.79929864073666 "W" 11
0.191503770159745 0.270447543048522 "W" 11
2.29693139977019 -1.48079619372448 "W" 11
1.76696425505079 -1.16433929322841 "W" 11
-3.90939090099792 1.38778677426128 "F" 11
1.20768880589407 3.93382437840549 "Q" 11
-3.55124712541352 0.781402906262789 "F" 11
1.6705413033773 -0.913471101655063 "W" 11
-4.02582769008593 0.54691501401362 "F" 11
-3.75794641194978 0.784146241287234 "F" 11
-4.44104677472155 0.744706585104425 "F" 11
2.5187403738924 -2.29453570564537 "G" 11
2.43932957527973 2.89943614670352 "Q" 11
0.6413597884859 -1.25874452936832 "G" 11
0.152558890179263 -3.4877932726365 "G" 11
1.63378005867731 2.61421175950335 "Q" 11
2.44449975118747 2.92756534771044 "Q" 11
-3.18207059306429 -1.54053927366027 "F" 11
-1.75218340396817 -0.859324895321968 "F" 11
-1.27527472504532 -1.75397908071041 "G" 11
0.454635606303344 -2.91598250514402 "G" 11
-3.91495741486273 0.974775708466872 "F" 11
1.47708249685186 -0.886507382251587 "W" 11
1.89936774221553 -0.716874257611953 "G" 11
-3.43522928154166 0.822992408099222 "F" 11
1.04496803509196 1.95183133749901 "Q" 11
1.70165009794849 0.88104234323171 "W" 11
2.65136673531519 3.13165048662016 "Q" 11
0.738035602405055 1.50669238257899 "W" 11
-4.79903097634128 -0.993548190746566 "F" 11
-1.11679978324091 -3.67836041068891 "G" 11
2.57358455166172 -0.547967187269928 "W" 11
1.21882966917304 -2.45250587703215 "G" 11
2.28140583366327 -2.75529051716839 "G" 11
2.74883187283412 2.32544677011052 "Q" 11
-0.131201638404198 0.0348422935341532 "Q" 11
-4.89506757830676 1.45194434644892 "F" 12
-3.26675780846494 1.231672166914 "F" 12
6.56392454069978 1.6999910247052 "W" 12
-3.93153905644039 0.628648762420273 "F" 12
5.69462700448047 -0.337638050018713 "W" 12
-2.8193890270539 1.05422946622788 "G" 12
-3.4546014192334 0.551395068371789 "G" 12
-2.19693951940977 1.10036624915343 "G" 12
-5.06846923436164 -0.492577306335996 "F" 12
-0.98895383606399 -2.74810666609039 "Q" 12
-3.94846447545635 2.38395391990519 "F" 12
-3.49421950392274 2.34253953426779 "F" 12
-2.05582880414237 0.0135264915688654 "G" 12
-1.77464584255132 1.84064787528865 "G" 12
-4.12812743213418 0.820583447638471 "G" 12
-3.85669382113712 0.820704883722889 "F" 12
5.87504853847266 1.50340646464208 "W" 12
-3.89574936723576 -0.483877664168019 "F" 12
-0.96064461235161 -2.994254163935 "Q" 12
0.714332701379046 -3.29726472166333 "Q" 12
0.335866416375591 -3.38322173962896 "Q" 12
-2.87291738881106 2.52799682658157 "F" 12
-0.763572488902599 -4.21485955633083 "Q" 12
6.49584386251586 1.61716134366574 "W" 12
-2.89632859231214 1.63505645521565 "F" 12
0.7893404141819 -3.82744768212442 "Q" 12
-0.438354226534461 -3.50877280679678 "Q" 12
-3.63968112880347 2.4404641220762 "F" 12
-0.911798167408809 -0.480987335090975 "G" 12
-5.1401767592144 0.392823498191611 "F" 12
8.19034024192758 0.391740591742557 "W" 12
5.71088948119939 0.760902183479725 "W" 12
-0.501298877461209 -2.86734157545869 "Q" 12
1.09355149662582 -3.58318101176453 "Q" 12
4.90355082034297 0.187337222392058 "W" 12
5.61643706108142 1.98950820453402 "W" 12
1.23431197152908 -3.99545939226432 "Q" 12
0.0839469953342177 -2.96731067309182 "Q" 12
-2.39273002143373 1.98177225457798 "G" 12
-1.74094738120163 1.2842010105561 "F" 12
6.61590414084106 1.98377985714333 "W" 12
-2.36164038164521 1.19808275665535 "G" 12
7.0839429519781 1.76626073708884 "W" 12
-2.46429269048845 -0.302604664879582 "F" 12
-2.71818375876635 -0.396577387059764 "G" 12
0.774062534047229 -3.55347645849952 "Q" 12
-1.29255182481385 3.77034862527367 "G" 12
6.41465445470146 2.83444191728377 "W" 12
-2.89142053211833 -0.0954978791563155 "G" 12
9.57140993046844 -0.675030573375738 "W" 12
3.18107272760839 1.14448083866049 "W" 13
-2.27261823411806 1.2842945045032 "F" 13
2.50706778254453 -0.721639899329193 "W" 13
-3.03608730986457 0.645819832114275 "F" 13
0.627635923373987 2.32442920442046 "G" 13
0.665540864012477 1.60030247540505 "G" 13
-5.87815022925713 -0.454374670386433 "F" 13
-0.923259063857774 -4.08966598388581 "Q" 13
1.38957311406076 2.55404006752952 "G" 13
-0.595072647287758 0.393959942025635 "Q" 13
2.8985765488234 -0.337812417893471 "W" 13
-0.526339517906104 -3.76249556010932 "Q" 13
0.95224723740976 1.36630785335534 "G" 13
-4.67094123031295 1.75934856904362 "F" 13
-1.72994696482354 -1.71652492493998 "Q" 13
2.3713179233142 1.81603221290471 "G" 13
1.93052538853044 0.867576580440533 "W" 13
-3.18870785831729 1.04788668826163 "F" 13
0.502958175475167 2.92425831567664 "G" 13
2.04068243126083 3.06361568322443 "G" 13
0.450512000803715 -2.26970548312338 "Q" 13
0.954212643235116 -2.65402223479605 "Q" 13
2.75581015470976 -1.00377356675999 "W" 13
3.85396960048504 0.0184724224116611 "W" 13
-2.43477223439882 1.69527441827762 "F" 13
3.50413523027819 -0.84173415669658 "W" 13
-3.44461571557188 -0.747955799949458 "F" 13
-0.117333724900714 -4.38894011514937 "Q" 13
-2.23392432496233 1.41387263537594 "F" 13
-0.432471163019567 -2.91829425535393 "Q" 13
-2.8024218445032 1.48336893498157 "F" 13
3.25284600647706 -0.479091944968866 "W" 13
-1.30386173865648 2.21725149575164 "G" 13
-2.43897366226971 -0.0904338911132534 "F" 13
-1.54818822391969 -3.91301558878175 "Q" 13
2.20166053657375 1.09839479687574 "W" 13
1.86806816935399 2.18142202735859 "G" 13
2.46179409251889 -1.6703725966235 "W" 13
2.16858913804086 0.166229575955115 "W" 13
3.13330450186212 1.11681306793445 "G" 13
0.797056038238158 1.84163054698163 "G" 13
0.261010449080643 -3.16342478580534 "Q" 13
1.76728359710284 2.46788404554656 "G" 13
4.43505777928451 0.709440388363092 "W" 13
-0.760901061474206 -3.81347908576539 "Q" 13
-3.431858240659 1.86568275412744 "F" 13
-2.86505128990451 -1.29571550218953 "F" 13
-3.82000395527231 1.58836507099484 "F" 13
-4.3493802495781 1.02496205999873 "F" 13
1.87237243037713 -3.34894454487961 "Q" 13
7.91236109898478 -2.16103074502654 "Q" 14
-0.453950963683506 3.00226430033181 "W" 14
6.45925590182268 -0.373986556708107 "Q" 14
-1.88409545880087 -3.78828541023033 "G" 14
-2.20928541669083 3.01587541366044 "W" 14
-3.73104218387249 1.68759166309601 "F" 14
5.34844328712731 0.0995183941962654 "Q" 14
-3.05395962026641 2.18633246881643 "F" 14
8.92372353178923 1.11654595535832 "Q" 14
-1.09771396990646 -1.16520505024995 "F" 14
-2.75537273705938 2.07445757360008 "F" 14
7.274425017406 -0.698943884821583 "Q" 14
7.24843046736463 2.07928097583113 "Q" 14
-2.63530455690101 2.89846672953152 "W" 14
-2.1944242390609 1.47808629134209 "W" 14
-1.61759999798198 3.64866922427569 "W" 14
-3.55539795435407 0.216088186490926 "F" 14
-1.55313190931589 -4.1530585928368 "G" 14
6.18687120099296 -2.25724642669454 "Q" 14
-2.36542661682774 1.76832008275481 "W" 14
-1.51511966801244 -0.302302165714689 "F" 14
8.47429433802892 -0.679880302039216 "Q" 14
-3.06646341539266 -3.3056679429696 "G" 14
-1.64000259015231 1.2217820583415 "F" 14
-1.09574681818607 1.33352012759674 "F" 14
-2.48943474183917 -3.49793693213349 "G" 14
-2.25324262836379 -2.09842205058965 "G" 14
6.8101444052777 -0.767410144348716 "Q" 14
-0.518140702086705 3.42114108854752 "W" 14
-1.01389622366976 2.64079785588619 "W" 14
9.63496048695104 1.42563507342752 "Q" 14
-2.52674796186484 -0.138338997249078 "F" 14
4.99870042602661 0.462732613035868 "Q" 14
7.35089959243437 -1.34084343529464 "Q" 14
-2.02575615853554 3.48376796831892 "W" 14
-2.55066121314948 -4.21657579794238 "G" 14
-2.4392357975232 -2.16601846830498 "G" 14
-4.18806777377919 -3.59444148786997 "G" 14
-3.78973979201717 1.00629867285858 "F" 14
-2.97517536829016 0.977559621064951 "F" 14
-3.00943410792254 3.1833718013903 "W" 14
-0.940514719865023 2.85680378141689 "W" 14
-2.56968902275763 -3.51355926058502 "G" 14
-1.58523429309993 0.94698756959057 "F" 14
-3.06160335182387 -3.32842789454294 "G" 14
-2.53910674954838 -0.0476292149819953 "F" 14
-3.31463227655372 2.150517826278 "F" 14
-1.49749862836358 2.3738602058671 "W" 14
-2.93249171777077 -4.80549825473962 "G" 14
-1.97816840891673 -4.35556450703232 "G" 14
-2.65179946060339 -1.01598434875682 "G" 15
-1.03949260765671 0.591150413525685 "Q" 15
-1.64332250574775 -1.69974809856737 "Q" 15
5.46770613344354 -0.363764968397013 "W" 15
1.04167469318035 3.40360201547025 "F" 15
-0.221452445017818 1.81484250096048 "F" 15
0.722127188861998 1.56829377747674 "F" 15
4.71974387320977 -2.52560296187386 "W" 15
-1.00783716260461 2.6248526770888 "F" 15
-4.95665718127407 -0.150226874793853 "G" 15
3.31390150017923 -0.89069150500911 "W" 15
-2.99230834584395 -1.56117392721968 "G" 15
-1.85554378894733 -3.18999644262325 "Q" 15
5.19710198510513 -1.46015307375526 "W" 15
-2.66421519175559 -1.52754175181656 "G" 15
-2.69271296231613 -1.24124924087627 "G" 15
-0.270084804220464 2.63388416035419 "F" 15
-2.04854236403137 -2.54542310359749 "G" 15
-1.08654630833747 0.0123081803459471 "Q" 15
-2.05213789459018 -0.736988840224949 "G" 15
-3.27789420159727 -0.55117239526288 "G" 15
4.27071997372595 -0.276333313897869 "W" 15
4.67658427082363 -2.18344169028928 "W" 15
-1.36195656251577 4.09964216573036 "F" 15
4.31192067710165 -0.0695150886873959 "W" 15
-2.18745990190325 -0.307340283732124 "Q" 15
-2.6672193441925 2.66341687692971 "F" 15
5.44132421391468 -0.0886354600138491 "W" 15
-2.38831017920868 -0.924340021226542 "G" 15
5.68045540232884 -1.19553799853675 "W" 15
-3.03861656945155 -1.04911421656515 "Q" 15
-1.69017428244855 -3.36535425072545 "G" 15
-1.9827767752051 0.512828960396056 "F" 15
0.742644406336532 0.405547725219972 "Q" 15
-1.63664456209239 -1.19965278014531 "Q" 15
4.10229237466748 -0.885397842911972 "W" 15
-1.80982080026344 2.42520322415347 "F" 15
-1.97056375248538 -0.802485172507615 "Q" 15
-0.52594354628386 2.51863271741504 "F" 15
1.56024184331223 3.02230248952703 "F" 15
-1.18085937604637 -1.14492710127237 "Q" 15
5.13038213516529 -0.333154560825091 "W" 15
-2.44568916547072 0.490144033193991 "Q" 15
0.522497999905401 3.55180571617478 "F" 15
-1.31892982955188 -1.35438831983185 "Q" 15
-0.496297547040624 4.80265395476689 "F" 15
-3.74806264073611 -2.24341176151225 "G" 15
4.45398744721186 -0.0668206469123384 "W" 15
0.78351873211058 2.50354698443146 "F" 15
-1.22895279114382 -2.69509053079326 "G" 15
-3.34876304827593 0.091145391454717 "F" 16
-4.55225929233753 -0.0628223301911304 "W" 16
2.78866145765262 -3.56056968780509 "Q" 16
-5.70464459441472 0.684453523524369 "W" 16
4.14478244421713 -4.40716930467992 "Q" 16
-4.49970422219118 -0.749544659394652 "F" 16
3.80464907616543 3.87291275268337 "G" 16
-7.18158606978943 1.17847759969834 "W" 16
6.17259673993625 2.06388920201865 "G" 16
-0.875902852682218 -0.208745678158795 "F" 16
-3.25649778117728 -0.0927330605819226 "F" 16
3.83385623023126 -4.23439028820781 "Q" 16
2.99769177022 -4.56557735958654 "Q" 16
3.21214716657508 -2.44237627110981 "Q" 16
6.02473123231427 4.9028626172158 "G" 16
4.64156784590902 -3.77666268892119 "Q" 16
-3.77733406103862 -0.097978896797398 "F" 16
-6.34068854045799 0.488374662527529 "W" 16
-3.55058286618595 0.199092222504859 "F" 16
6.84658243248685 4.43722118725633 "G" 16
-5.49326251180192 0.745348274954065 "W" 16
5.01878838967449 -3.36507707177187 "Q" 16
5.39771751552076 2.29923910323848 "G" 16
-2.84006138030922 -1.42585080634223 "F" 16
7.34795483025613 3.59474476657877 "G" 16
5.5480962221581 3.24886831484518 "G" 16
-3.98501496781067 -2.23095171977713 "F" 16
-5.44958320955012 1.3594823535715 "W" 16
-2.01145469828572 1.68514488397979 "F" 16
6.27115849840173 2.74678691497576 "G" 16
-5.56835299863464 1.01828173698107 "W" 16
3.98052354912865 1.914555670734 "G" 16
-9.13440248999863 2.24420250156774 "W" 16
-4.88161326227406 -0.85293036757027 "W" 16
-3.23302548902672 -0.980527771593018 "F" 16
-2.55244248862503 -1.34071133647589 "F" 16
6.47345361628817 3.14457113080575 "G" 16
5.94710763461558 2.76165359670274 "G" 16
3.82904252915218 -4.21846204814676 "Q" 16
-7.15000785541937 1.15651805047446 "W" 16
-6.35124501402645 0.557906359092785 "W" 16
4.05017385653633 -3.95763837831486 "Q" 16
-1.59457512400254 -0.228276946421692 "F" 16
-6.18746124559343 2.63808538109122 "W" 16
-2.51042069715601 0.722224469427313 "F" 16
3.89790712463737 -2.50711167902116 "Q" 16
5.79290864347464 1.36788173204412 "G" 16
-2.99386905408788 -0.959308804110319 "F" 16
2.93865928307407 -3.84591083593699 "Q" 16
4.06399772652697 -1.01259640903226 "Q" 16
2.95170080826525 -3.72478949963472 "G" 17
-3.42206560531547 -1.08846163992633 "F" 17
-3.07563661128597 0.955942518639906 "W" 17
1.95365594136242 -5.9547489162753 "G" 17
-3.8067622021584 0.37251713539499 "F" 17
3.64082350028669 4.57111914270496 "Q" 17
-3.3446382089571 0.271700771375284 "W" 17
-3.91008398436205 0.341942207225943 "F" 17
-4.27710773576559 0.353073356450397 "F" 17
-1.06056812823046 0.561131023981477 "F" 17
1.50519422333957 -4.37104092557461 "G" 17
-3.61380193559128 1.27203045420048 "F" 17
2.60001798056857 -6.48597717151981 "G" 17
4.82130422935745 5.09804402743083 "Q" 17
-3.31680464099691 0.775342181066945 "F" 17
1.07550084245878 -6.48947536856792 "G" 17
-1.29947457843456 0.01948429399507 "W" 17
5.14459342968986 5.2780289236528 "Q" 17
-4.94855499714584 1.06156741944201 "F" 17
-3.82433596748578 -0.480369065594703 "F" 17
4.33334259229519 -4.57939494684442 "G" 17
-1.93027076924312 -0.762717767444714 "W" 17
-4.62082230132173 0.774856204217243 "F" 17
-2.77420450486365 1.07967393583633 "W" 17
-2.03015247219011 0.00568300739363794 "W" 17
1.98376677477954 -3.6602034721132 "G" 17
1.24549381495562 5.02251457327974 "Q" 17
3.76295407290345 3.99562049848487 "Q" 17
-4.43346465095899 0.519674873705832 "F" 17
3.82898523239669 -5.09114317646011 "G" 17
-3.4819315748647 0.862443984287969 "F" 17
-1.81089304735535 2.57164939291546 "W" 17
2.78129170983741 -3.92718796498897 "G" 17
5.26219895196809 2.1802158802012 "Q" 17
3.18349549860178 4.61452368191445 "Q" 17
-3.34315609040978 0.19227535953172 "F" 17
4.37749916742728 2.92412691991889 "Q" 17
-4.70221281320693 0.875731395927759 "F" 17
-0.148478174627302 -0.0291198984869469 "W" 17
-2.42623478030519 -0.463411173970137 "W" 17
3.05485008736011 -5.89149423286288 "G" 17
4.10142563395926 5.47679071964037 "Q" 17
2.70859486439472 2.91085512859348 "Q" 17
-1.33396606071569 0.226912265143908 "W" 17
3.46840663616352 2.34941653494769 "Q" 17
3.51353302084087 5.12907054865874 "Q" 17
-3.26736096893612 -0.488777828587255 "W" 17
2.73062323685287 -3.98747591919359 "G" 17
4.00362390109062 -3.79437455469961 "G" 17
-1.82989334642737 -1.37379483741507 "W" 17
-0.554561939607879 -3.85349972444978 "Q" 18
-1.99278361018451 -3.99314736702666 "Q" 18
-1.2082229036058 -4.76895158584548 "Q" 18
-0.793420735683453 -3.55383790083938 "Q" 18
7.4211619052077 2.64044378452801 "W" 18
7.55573555131238 -0.35848782032829 "W" 18
-1.2990882395023 2.19101021799781 "G" 18
-2.76829810875541 0.472381904868976 "F" 18
8.91102060914669 1.24749622578729 "W" 18
-3.27254011207198 0.38280591682335 "F" 18
-3.16932180197437 2.05880723929407 "F" 18
6.24108951433771 1.03851229324551 "W" 18
-1.0303632652245 1.21906896521587 "G" 18
7.27047942990329 -0.23223395217849 "W" 18
-0.851379739490549 2.52900561526986 "G" 18
-3.13074192291475 2.63915022818339 "F" 18
-1.35284556817578 1.0080663254423 "G" 18
-2.76855549267957 2.18603167820113 "F" 18
-2.67672590794438 2.91427378647894 "G" 18
5.91947655792604 0.474759229109434 "W" 18
6.63472949049213 0.713049876844652 "W" 18
-3.59846145117621 -0.119769950234522 "F" 18
-3.20022568963118 1.43219505013068 "F" 18
7.44201770754375 1.26709056515895 "W" 18
-3.5624079815446 1.46886725716277 "F" 18
-3.53515138800875 3.37692832341548 "F" 18
-2.6616914459032 1.00985760922686 "F" 18
5.20399430549809 1.35768966070832 "W" 18
-0.770819949990825 -3.52050158410177 "Q" 18
-1.26081610131648 2.45730587547256 "G" 18
-2.59813422336885 1.73171915012466 "F" 18
-0.543164683762761 -5.06901689420866 "Q" 18
-3.00918498749993 -1.21439125833317 "F" 18
-4.93159862022295 2.78100816018288 "G" 18
0.0259456318497015 -2.99864050850106 "Q" 18
-0.725443575540918 -4.69829066710929 "Q" 18
7.02174611872955 -1.2785894538613 "W" 18
-3.3211243381113 -3.42729203550532 "Q" 18
-3.4157381697015 0.829624245388543 "G" 18
-3.07407433530856 1.08913026307835 "G" 18
-2.54799570194849 -4.47865422823502 "Q" 18
-2.96045769592662 2.16931006510606 "F" 18
-1.52413346755554 -3.39672341619646 "Q" 18
-0.231987402182885 -4.78043942956375 "Q" 18
-0.820194946819449 2.56771147272582 "G" 18
7.44703797456809 0.838234408910461 "W" 18
4.64707660110398 -0.741697982139586 "W" 18
-2.68499265539193 2.44168618466729 "G" 18
-2.94005603566211 1.80636359782466 "F" 18
-0.954807203228572 0.144580582083091 "G" 18
1.85212846208869 -3.38954558598821 "G" 19
1.29749832005123 -2.98976563491998 "W" 19
6.5686455712274 4.05000467909727 "Q" 19
-6.69443819395889 1.7541562989192 "F" 19
-6.1813903838265 1.88307127601176 "F" 19
-8.26279605824562 1.50494710956938 "F" 19
-0.516735598958413 -5.0085365192233 "G" 19
-8.61124111464529 2.22877430895585 "F" 19
5.66783724465903 3.51295954793043 "Q" 19
0.808406620060526 -2.47091739245655 "G" 19
1.05149255289195 0.057122273606353 "W" 19
0.746554883644647 -3.82635081331786 "G" 19
4.15087797620624 2.61888732954187 "Q" 19
0.418802044816369 -3.60217084877022 "G" 19
-6.82976696895562 3.35230106942373 "F" 19
1.98370551532614 -5.41957672143539 "G" 19
5.30549297816291 3.79998984450547 "Q" 19
-6.28648940032492 1.66987331945568 "F" 19
7.28747932097817 4.25114221608703 "Q" 19
2.26912346567969 -2.53465236356864 "W" 19
6.8991056749279 4.40985901692211 "Q" 19
-6.93446049241247 1.97342940337104 "F" 19
-8.02659053796605 2.17541042687285 "F" 19
1.21013529698303 -1.03677473005556 "W" 19
7.18853602768559 3.95707404927562 "Q" 19
-7.1819412277697 3.67173690150527 "F" 19
-0.10567096919591 -1.71906374675657 "W" 19
-5.50737720752873 2.08034034679229 "F" 19
3.7363567930264 -1.66868803370125 "W" 19
0.774301530744463 -4.6406903248632 "G" 19
1.04768168906772 -0.986074128416723 "W" 19
0.426203320016181 -5.06723157991026 "G" 19
-0.924634465251984 -3.30797801340679 "G" 19
-7.12614927476212 -0.641006687544948 "F" 19
1.09499002871308 -1.23756790938029 "W" 19
-0.485885039246577 -0.641757647169941 "W" 19
-0.451145089954819 -2.56505176637963 "W" 19
0.855644784699706 -3.84192340268409 "G" 19
0.124761109621812 -1.66495122460937 "W" 19
6.57227610221589 1.15735691556678 "Q" 19
6.47643348855419 3.12957921533151 "Q" 19
1.26472811864863 -3.78026692425342 "G" 19
1.07773549705363 -4.28227954589078 "G" 19
1.97399186892421 -2.06821866900016 "W" 19
6.23673042680066 2.96579707083469 "Q" 19
-6.24990769927881 3.03603494291606 "F" 19
5.09529255382982 2.27229747626593 "Q" 19
-6.75160223580816 3.36859344503889 "F" 19
7.29434168821639 3.65314548696665 "Q" 19
-5.62906899743199 -0.142843757060569 "F" 19
3.40345271612902 0.00807975051567043 "Q" 20
-2.05144040143484 -1.1673800589556 "W" 20
-1.85723059488957 1.06857904235706 "F" 20
-1.28024171854822 -3.03832222568559 "W" 20
0.297470361485538 -2.96873289026931 "W" 20
4.7324196127046 -0.982488852402788 "Q" 20
-1.61710373131558 1.23743859966018 "F" 20
-0.330763343627923 0.581846045420908 "G" 20
0.94724316512354 1.26989199187044 "G" 20
1.80210997609402 0.621765180940924 "Q" 20
-2.2078944182637 -0.260376569721993 "F" 20
-0.290760525307043 1.78844804072211 "G" 20
0.32218537429907 0.583665882134313 "G" 20
2.89691375343115 -1.48225481821675 "Q" 20
3.47858976435805 -0.12445116813553 "Q" 20
-0.140509820396187 -3.16347760878106 "W" 20
-2.99287455493307 -3.15615552218304 "W" 20
-1.75139753240763 2.1118033516996 "F" 20
4.50917350054668 0.446206383940329 "Q" 20
4.6116327592076 1.12996548274716 "Q" 20
-3.69457644272434 -2.33702179440943 "W" 20
-3.54808197347095 2.32117940663833 "F" 20
1.09029514140261 1.25162960400578 "G" 20
-0.0323761430420602 1.55918128174132 "G" 20
3.99199814751801 -0.62546350143692 "Q" 20
-0.378444282953331 0.543459150329297 "G" 20
0.739081576736269 0.34954073140153 "G" 20
-0.138433330483512 2.29686429873347 "F" 20
-1.64908017666379 0.907008909884593 "F" 20
-2.1018349888748 -2.51829264902538 "W" 20
3.80494790572721 -2.15666905647779 "Q" 20
-0.726228488586526 2.82254832449795 "G" 20
-2.61397898829979 -1.06787777069103 "F" 20
-1.03677632131978 0.711374479362675 "W" 20
1.64927847920064 1.4892604475638 "G" 20
-3.35203165794473 2.10475008357241 "F" 20
4.47484694538831 -1.36222972460475 "Q" 20
-0.402074956561007 1.35153941414593 "F" 20
0.22668207238702 1.63165428101518 "G" 20
4.13608339984223 0.822208918040651 "Q" 20
-0.474459111821947 -2.8111931813717 "W" 20
3.39853249683777 -0.522147418291516 "Q" 20
-1.2289222842398 1.85778159277493 "F" 20
-0.723020649354251 1.32960022582414 "G" 20
-1.19083873967781 1.4880384329539 "F" 20
-3.42038427402944 -3.63066456532422 "W" 20
-1.66499180920728 -2.60332553378659 "W" 20
-3.13078232479044 2.1764784024044 "F" 20
-1.59385621980909 -3.74595062897795 "W" 20
-2.89154734344105 1.86268780184997 "F" 20
