"LD1" "LD2" "grp" ".sample"
-3.50963769331285 -1.70405093803613 "W" 1
-1.95404882854126 1.67175225544964 "F" 1
-3.90434934373395 -2.83679145914558 "W" 1
-3.15053301480744 -2.87812574610175 "W" 1
5.47653254534857 -0.481346844653649 "Q" 1
3.97004571142599 -2.13442100623971 "Q" 1
3.08218037163293 -1.27097113649347 "Q" 1
1.65848670555512 1.3315991594168 "G" 1
-3.25541040056496 0.236929435761589 "F" 1
0.0738200996081954 -1.18216866956974 "W" 1
-3.97121572300397 1.29496605695781 "F" 1
2.466176332684 2.21715893819361 "G" 1
-3.84820997190002 -0.410363938007744 "F" 1
-2.78494338454731 -2.69707661608894 "W" 1
-3.04521545088039 -0.625281395504638 "W" 1
3.73241985457254 -0.164005270957218 "Q" 1
4.88478068217999 -0.498932280594496 "Q" 1
-2.71607616368122 0.527486354944286 "F" 1
-4.72470306542085 3.7758871272925 "F" 1
5.11923365754906 0.618360534570179 "Q" 1
-1.33868774890287 -2.85069277220498 "W" 1
1.94291911798775 3.10372851262637 "G" 1
-3.65498726235689 0.484756257466908 "F" 1
1.77038601758758 1.81368182146586 "G" 1
-2.49625770235683 1.25501163318631 "F" 1
1.68529942064995 1.26465463043918 "G" 1
-0.284536640441577 0.423908480153215 "G" 1
-2.19501353449903 -1.82021402814107 "W" 1
4.87207011463638 -0.411638053816229 "Q" 1
2.09124645154735 2.66004543225951 "G" 1
3.13335355517586 0.609959864064978 "G" 1
0.6529557431886 0.975262719408722 "G" 1
0.275096813715649 1.80709125241128 "G" 1
-1.55865711547432 1.71947500219083 "F" 1
4.3718212702014 -0.51025587411134 "Q" 1
6.20247737858608 -1.05305370434307 "Q" 1
-2.62828261968268 0.00090260398132539 "F" 1
2.52357686416063 2.08976359911655 "G" 1
-1.46771499891777 1.07878265610802 "F" 1
-4.32492285403501 0.514377545327562 "F" 1
-2.28711020339122 -2.70671044496941 "W" 1
5.05044047178752 -1.3192328635197 "Q" 1
-2.70889992617338 -1.87937286501879 "W" 1
-2.56380455111418 -3.09337413730478 "W" 1
-4.08424732577983 2.85024264395108 "F" 1
0.68848703625998 3.74418836961887 "G" 1
5.22279560496766 -3.39890867166547 "Q" 1
-2.73838164040376 -2.8145247290483 "W" 1
-3.41016412216056 1.13514094122206 "F" 1
3.65940946507545 -0.463600382048982 "Q" 1
9.35851929189455 -4.13097458601453 "Q" 2
7.53445518119823 -1.27236414528525 "Q" 2
0.242174459943091 4.72501401217958 "G" 2
-5.00420691584976 -4.45918631353926 "W" 2
0.814634237400914 6.29309585072729 "G" 2
7.59481237157529 -2.91542918539961 "Q" 2
-1.63175425545807 4.29773657796742 "G" 2
7.33114940235062 -1.89218466759538 "Q" 2
-4.92688601967902 -3.85271631272543 "W" 2
0.924407792415178 6.16331760425364 "G" 2
0.654944791650308 5.07995021564092 "G" 2
-0.611590107690951 5.94507670744368 "G" 2
-7.33535729639857 -3.42117378053375 "W" 2
-3.30427867690297 0.818399595928501 "F" 2
-2.34870339939693 -0.468912588040877 "F" 2
-1.57944254741699 0.19187996342035 "F" 2
7.4130408881924 -3.09553050073798 "Q" 2
-3.95136917565918 -3.03353282645506 "W" 2
-5.19733641339517 -6.58530246748262 "W" 2
-5.0391463946812 -4.43119209728399 "W" 2
-2.6330888924963 1.00241936123262 "F" 2
-2.1584373282884 0.967338219988737 "F" 2
-5.39655431750849 -4.53294741502291 "W" 2
8.9356051954003 -2.83403740849561 "Q" 2
-4.183118075371 -3.26511953708283 "W" 2
-3.42889758471888 0.575664408212573 "F" 2
0.145370545769687 3.94237302198301 "G" 2
-1.30848429450232 1.38709600597852 "F" 2
10.9403049485964 -1.11478422859951 "Q" 2
0.417038288215429 5.53322159670352 "G" 2
-4.49835604432179 -2.12928673780155 "W" 2
-0.126491952134016 4.0699870405455 "G" 2
-2.7661260028088 -0.221247928596112 "F" 2
-5.07086752702457 2.21402348303989 "F" 2
0.384471132787344 4.70612164194277 "G" 2
7.02806833473724 -2.56391783067742 "Q" 2
7.58764205115908 -0.671006357415158 "Q" 2
7.96476055317757 -1.77340646114316 "Q" 2
-6.11352976234916 -2.51652099626026 "W" 2
7.20844987539702 -2.02894552705422 "Q" 2
7.98391401946686 -2.01723868164326 "Q" 2
-2.32760797435463 0.416522312532368 "F" 2
-2.82845014386434 0.846954352349976 "F" 2
0.644978227988749 6.92577207034397 "G" 2
-2.97857437468576 1.17456438582607 "F" 2
-2.3433140602115 -0.440799929647519 "F" 2
-1.92752741979679 5.78658367684354 "G" 2
-4.75454915040542 -5.45344484116884 "W" 2
-4.10229352982764 -3.86329632524092 "W" 2
-1.23240195211774 1.92138757185869 "F" 2
-4.59261166499646 2.17526907767969 "F" 3
-4.25382308743621 3.15750414547228 "F" 3
-4.40087953064592 4.06612275740979 "F" 3
0.148858396030826 -1.31869482455178 "G" 3
2.19018399465947 0.0909936676409459 "G" 3
9.36282114100082 0.16291214893629 "W" 3
0.395497092747259 0.0607456821179947 "G" 3
-4.53991863916896 4.19689125932577 "F" 3
-4.88373528146939 -4.16797292995807 "Q" 3
-1.85149958242469 2.72082964765841 "F" 3
-6.52929071924013 -2.50039032130346 "Q" 3
8.52214473870297 0.920661781190049 "W" 3
8.47765760991102 0.784770837146506 "W" 3
-5.60590053810932 -2.97780514054975 "Q" 3
-4.1031208781714 -4.10780151444641 "Q" 3
0.815935312284519 -1.16158345763192 "G" 3
-3.96914181605979 -3.75203207862116 "Q" 3
9.99386101751027 -0.840328057933408 "W" 3
9.20318652957292 0.0487726250834044 "W" 3
1.77700338980568 -0.883966036385887 "G" 3
9.07014080087783 -0.791779885506381 "W" 3
-3.62301323032618 2.51420096285398 "F" 3
-4.88242738780097 -3.09977087409362 "Q" 3
-5.05182286441329 2.99319968306756 "F" 3
-4.40484198900649 3.10298883477698 "F" 3
6.04138050929255 0.982117890437473 "W" 3
-0.826430736898924 -1.64072003142981 "G" 3
2.1199751490483 0.754526453303534 "G" 3
8.84092342341602 -0.447821304757528 "W" 3
10.3061011361072 -1.09967373762128 "W" 3
-6.07501784782265 -3.4804960206573 "Q" 3
-4.38256998324192 1.22683279998405 "F" 3
1.77735237628331 0.575960733556809 "G" 3
-4.42622108804862 -2.87504621108697 "Q" 3
-3.99579049652711 3.93166676439106 "F" 3
9.36821847465174 0.631719503688778 "W" 3
9.73304079441205 0.82284890152944 "W" 3
-5.53678457571145 -0.504593068634232 "Q" 3
-3.34087762330197 -1.59167467884587 "Q" 3
-5.01670891822435 2.61796521019182 "F" 3
-4.11370368593614 -2.04195178683214 "Q" 3
-6.20434765964315 -4.38418937353379 "Q" 3
0.140539381119219 0.349780419617072 "G" 3
-4.53926659773144 2.60738357723601 "F" 3
-3.64563754831217 4.24713238175058 "F" 3
-0.48834559399532 -1.6989556418652 "G" 3
-0.160393094673549 0.025578967922542 "G" 3
8.63071582768175 -0.462938605037884 "W" 3
-3.32486878220082 3.27013205683278 "F" 3
1.85345434642308 -3.20932318951769 "G" 3
4.54323866471069 -0.165002692542162 "W" 4
-7.12374026295754 0.130387114731306 "F" 4
3.34313859855786 3.35734906771687 "Q" 4
3.69778592875386 -0.688891868579802 "W" 4
4.07416850820628 1.90533674009266 "Q" 4
-6.42027022214766 1.56401512759662 "F" 4
-5.93703553875871 1.60222393257767 "F" 4
1.03771164391053 -2.39596814651132 "G" 4
1.98050836120138 -2.2435216285517 "G" 4
1.34804693070734 0.383830086265214 "W" 4
-8.07999321701287 -0.435192324756885 "F" 4
-7.2040604928463 -0.690929892743121 "F" 4
2.48433279546461 4.59528870007092 "Q" 4
2.49987081654277 3.20184106874102 "Q" 4
-6.55563240467703 1.42576825652373 "F" 4
-6.39330961400062 0.0462289595126286 "F" 4
1.54976937099982 -1.07750114123535 "G" 4
-5.21257731051779 -0.707342439081471 "F" 4
2.09194500946503 -2.59504698007362 "G" 4
-6.82852752307328 -0.0303118884829342 "F" 4
1.38081913906951 -3.27596622832848 "G" 4
1.92076537788752 4.2346740001069 "Q" 4
3.22067812786269 -0.0377584512281516 "W" 4
2.88228740225224 3.41606639891813 "Q" 4
2.26694885503537 2.48352870651053 "Q" 4
3.2267502999001 -2.28692371080257 "W" 4
1.183764356839 -1.18674062905261 "G" 4
2.41946710996795 1.06870477553675 "Q" 4
3.97310651545485 0.563334233762742 "Q" 4
-6.05133921490849 1.27357704666916 "F" 4
-7.49967992429153 -1.2083569306855 "F" 4
6.10992662195916 1.26514583791109 "W" 4
0.831666178958646 -1.79152512499764 "G" 4
3.4509161437978 -1.23030175826368 "W" 4
2.12769885068898 -2.71849920493219 "G" 4
1.81194935096202 0.708889344072235 "W" 4
-0.05076713993629 -2.57392959460699 "G" 4
1.89053437101785 0.852815884101213 "Q" 4
2.23630455811873 -1.34254373218324 "W" 4
-5.34915113121187 0.569671374292224 "F" 4
3.07472519098119 -1.3384041682999 "W" 4
3.76023519819562 -0.851885465602946 "W" 4
1.50304398981447 2.59204682219302 "Q" 4
4.02330464446015 2.48483795709122 "Q" 4
1.34220681498402 -2.69302575138526 "G" 4
1.86260430090132 -3.03833321380197 "G" 4
2.11112060359035 -0.14731594152904 "W" 4
-7.07293432079385 0.462968645224789 "F" 4
-5.02305870339648 -0.5891179075991 "F" 4
3.54073638931069 -2.84819326436105 "G" 4
-5.12062543897996 -5.65718824134378 "G" 5
-0.360229111752809 -2.94858586704304 "W" 5
-2.83345366645234 6.38774973630093 "F" 5
-1.97905009927776 6.18600514294711 "F" 5
7.10338682297002 -1.44658201052111 "Q" 5
7.95288466167733 -0.174592221026755 "Q" 5
-3.451195297228 6.56800133639547 "F" 5
-4.6890384072726 -3.41742077526158 "G" 5
-1.71021314442843 7.88160559476784 "F" 5
-0.382272723634842 -0.209103167040071 "W" 5
-4.90052972257755 -4.79630493089345 "G" 5
7.56224992533249 -0.955209029052767 "Q" 5
-4.46795467710665 -3.28270601970388 "G" 5
8.39246164320721 -0.361964012639023 "Q" 5
-2.85476553566647 7.22069191630621 "F" 5
-0.128190192148431 -4.25771103820238 "W" 5
7.59043253305859 0.757417491020489 "Q" 5
-1.57610488722618 6.65002351460002 "F" 5
6.65862765686849 -1.93314771479264 "Q" 5
-2.94686183036918 6.31026064451931 "F" 5
-4.91919094433485 -4.38194790871998 "G" 5
-1.28319761195695 7.9444401415156 "F" 5
-5.58181805031365 -3.97094445989658 "G" 5
-0.0720212852032995 -3.11399948777551 "W" 5
-3.88331441125469 -4.36515570455752 "G" 5
-2.31927788867846 5.43241341159781 "F" 5
8.83070785431007 -0.376427179715221 "Q" 5
7.01698509502549 -1.52073234777398 "Q" 5
-0.421722206968366 5.09655707917593 "F" 5
-5.08710765871854 -4.04868083136741 "G" 5
10.1141657047493 0.0360414668187502 "Q" 5
8.07539612130113 -1.09982939409213 "Q" 5
-5.60582309140196 -2.86825958363368 "G" 5
-2.14594566059567 -3.44131508238025 "W" 5
-1.18880083581812 -3.29949100810269 "W" 5
-1.17946602655137 -1.21989626469647 "W" 5
0.44390334693442 -0.860597809645072 "W" 5
-7.01337746220228 -5.35352478452659 "G" 5
7.08445010618493 1.1419382063362 "Q" 5
0.319407262967088 -4.02027574021091 "W" 5
-3.87368627684508 6.9095248097341 "F" 5
0.24053590553698 -3.58089153007466 "W" 5
7.87862315587077 -1.08927140611061 "Q" 5
-0.533530013959734 6.49675443572023 "F" 5
-0.0897752653520113 -2.64806191081549 "W" 5
0.272091632595664 -4.08940074078357 "W" 5
-3.1998728412084 7.33996781477649 "F" 5
-2.74250688572113 6.59166121022179 "F" 5
-4.97685137335884 -5.11933327146615 "G" 5
-2.0185389040254 -5.04250247888947 "G" 5
-6.34436225301811 5.01565327604474 "F" 6
-6.65523610903698 3.41283940508503 "F" 6
1.36921516252197 -2.61951748584761 "W" 6
-5.50063539382013 -4.42034431457784 "G" 6
-5.86459078578073 -2.96249380329321 "G" 6
-6.21068326898637 4.89934304543523 "F" 6
0.933417005605641 -1.97681410584745 "W" 6
-3.43017142050218 -4.03229616842026 "G" 6
-6.40285892118522 5.98831037380849 "F" 6
3.8487729755301 -2.20329024133623 "W" 6
-6.45971425493051 3.98183092955885 "F" 6
-3.59841798833522 -5.26290990956311 "G" 6
10.3408809910184 2.43575935678449 "Q" 6
-5.35327426506637 4.40054047827251 "F" 6
1.47535021732721 -1.22394767727311 "W" 6
-0.657505503240536 -2.96141727545008 "W" 6
10.6795856025961 3.12638688068559 "Q" 6
10.4079768901277 3.04871625299138 "Q" 6
0.646120781937784 -3.21199691379545 "W" 6
9.15824691068593 1.09103339524265 "Q" 6
-5.01256934936425 3.73522725220658 "F" 6
10.5590755916962 1.33163708263324 "Q" 6
-4.22610180871962 -4.01674624416419 "G" 6
-3.94205165167441 -4.54749453097405 "G" 6
-3.89477513463206 -4.90954259008802 "G" 6
10.4943461205995 0.545815481657781 "Q" 6
9.92597271279714 1.34082788538329 "Q" 6
-7.84410724835965 3.55290864987444 "F" 6
8.80026297121315 2.30211796081056 "Q" 6
10.2462340212323 3.20466720355684 "Q" 6
-3.09539423367972 -4.19690357996947 "G" 6
3.20789423480243 -2.01350982635207 "W" 6
-3.01129043198941 -3.26082158517729 "G" 6
1.06268881190393 -5.14392071677248 "W" 6
-5.76134126038344 -2.85819720837398 "G" 6
-3.50037127404831 -3.97408337729848 "G" 6
2.49986383760113 -3.19428922501871 "W" 6
9.40301322796619 0.528829614565213 "Q" 6
-4.9832160304014 4.51195037211393 "F" 6
-6.27147490265822 3.15428251009723 "F" 6
9.28882807470497 1.53098796350825 "Q" 6
-5.85909954124216 4.21149674174632 "F" 6
8.20447730749472 1.10678047739595 "Q" 6
2.12236897766086 -2.10491396728039 "W" 6
-8.25955119813114 5.69677199828271 "F" 6
1.64308460301828 -3.44967665266607 "W" 6
-5.68630314615601 1.46442930101865 "F" 6
-5.77971931369604 3.70555831736309 "F" 6
2.22116229952437 -1.56690425399292 "W" 6
-4.93402264052752 -3.21267055259055 "G" 6
-0.647439883746016 -2.68380151320294 "Q" 7
0.0542897603149165 1.41634077797288 "W" 7
-4.35891719470233 1.54297494653214 "F" 7
0.650323743697655 2.62496515557461 "W" 7
-0.558414009115076 -5.29291934530323 "Q" 7
-1.62693674475544 -3.50112618079234 "Q" 7
6.15958288167165 0.00820672916565513 "G" 7
-0.360738539919866 2.70636693244675 "W" 7
-1.36496172268565 2.34512442301083 "W" 7
5.35907620742917 0.0623556114493922 "G" 7
-3.7745288643272 0.936712695373603 "F" 7
0.309983276699994 2.22735049398842 "W" 7
-0.614289444865517 1.89044131073402 "W" 7
0.908558917038735 3.34876714792645 "W" 7
-0.208981084741935 -3.61261132241357 "Q" 7
1.62066396325433 3.4014684107471 "W" 7
-5.43675032404454 0.990460166608738 "F" 7
-1.02598936686416 3.19509913343918 "W" 7
-3.57818321401811 1.48715982276477 "F" 7
-3.46530782485864 1.1574739340763 "F" 7
-5.23672399208094 0.797573263370959 "F" 7
-0.514343539414827 -2.76950054665558 "Q" 7
-1.89243755885055 -4.27729615036504 "Q" 7
5.46795628594417 0.32515076487582 "G" 7
0.388913894477944 3.19616513614033 "W" 7
-4.11649927707389 -0.0985426647897917 "F" 7
-1.97983159865097 -2.74447691768307 "Q" 7
-3.22622362070416 0.358865837864053 "F" 7
8.26777233014729 1.14975764868347 "G" 7
4.84313482246033 0.179194369398413 "G" 7
-1.14979664757486 -4.52598790858838 "Q" 7
3.13135266353251 1.93623848150506 "G" 7
5.52827625490972 1.7818547110897 "G" 7
-0.0862655041927818 0.337481269640336 "W" 7
-4.64368096519518 0.0664608222636075 "F" 7
5.38383217862957 -1.50573064296156 "G" 7
-5.32263801024266 0.200199226200596 "F" 7
6.94681612553028 -1.93681243033373 "G" 7
-5.44120713809721 -0.555818749814996 "F" 7
-1.03777141197436 -3.01779625148242 "Q" 7
6.33297523785399 -1.00757733950487 "G" 7
6.13196700325596 0.637856977559758 "G" 7
-2.75116344416834 -0.615580729695768 "F" 7
-0.302542079452417 -3.26697179572839 "Q" 7
1.66876189757597 2.10593951805558 "W" 7
0.612414819374339 -2.66071453850848 "Q" 7
5.10032332677356 -0.429442172956198 "G" 7
-4.96942392612365 1.4415519640998 "F" 7
-5.55785182560078 1.62976139753205 "F" 7
0.382863167469879 -0.982611879309955 "Q" 7
-5.26594729523834 -3.30700726894704 "G" 8
3.14327112721366 -1.36392647714447 "W" 8
-3.04052037036874 -3.97811656348516 "G" 8
-3.84250115804341 3.51979108905616 "F" 8
-3.88157518017206 -3.01056426891455 "G" 8
-2.93318266255749 -4.77166224375256 "G" 8
3.82449285044857 -0.225469778548161 "Q" 8
-3.29488833995642 1.85869766405014 "F" 8
-3.92559384081224 2.90600345769479 "F" 8
1.6684245741916 2.04495856602944 "Q" 8
4.68642782632399 0.808391281489279 "Q" 8
3.77445959640936 -1.76142086503778 "W" 8
-3.14123504373218 0.709449917223051 "F" 8
-4.0146068549917 2.4445181656766 "F" 8
1.91940392274991 1.32716668864879 "Q" 8
-2.55835648712648 -2.89745862964402 "G" 8
-4.65260191738397 -5.10835013148133 "G" 8
4.04501189224822 0.121433286346428 "W" 8
3.08882890293206 2.05743544223742 "Q" 8
-3.57585675209405 4.8478982147126 "F" 8
-5.23839776390059 -3.77403596368828 "G" 8
-3.21857074965065 -3.44029279875232 "G" 8
-2.96007732658801 3.19105277622384 "F" 8
3.93468161520228 -1.23695795854267 "W" 8
-3.35158263484539 4.24094646797019 "F" 8
-4.37770552032348 1.90212120146576 "F" 8
-1.95905608795688 2.81470103386347 "F" 8
-1.98774031968708 -1.84955923485218 "G" 8
4.99506308864825 0.617009144818819 "W" 8
3.09839963795524 -0.854484857922797 "W" 8
-3.48879825696187 -4.65775966467434 "G" 8
2.89556568068824 -0.664691515047201 "W" 8
-1.55197110240062 2.66525669791172 "F" 8
-4.51887631303484 3.81635854691088 "F" 8
3.20069469946137 1.16791936304141 "Q" 8
2.73467997620235 -3.39617155312792 "W" 8
5.32149829487263 0.379313338580027 "Q" 8
-2.52274092459393 -4.19753285667355 "G" 8
4.12456160665252 1.12177483634667 "Q" 8
4.77707339916009 -1.01179593721207 "W" 8
-2.96201077763017 3.91369383584084 "F" 8
-4.59112686820841 3.4836949270451 "F" 8
4.65787599757477 -1.9799939836512 "W" 8
3.1330515484898 1.72737830612938 "Q" 8
4.04429801749308 0.513093370432673 "Q" 8
3.04163110843612 1.48428675098454 "Q" 8
5.9494209513256 -1.91141548750012 "W" 8
3.70468467616812 -0.862886264762377 "W" 8
3.63388230813672 2.87068946935955 "Q" 8
-2.54186275072555 -2.29347953672744 "G" 8
-1.52380518759752 2.64112933271371 "F" 9
2.89979623614458 -2.62338086775157 "Q" 9
3.79509234137522 -0.477856203459134 "W" 9
-1.12684540041993 3.6358544347289 "F" 9
-3.17767804283132 2.99115039884321 "F" 9
-4.77721543585498 -1.98095249080651 "G" 9
0.443175898186948 -3.93017822611468 "Q" 9
-0.880192740769231 4.77190817819701 "F" 9
4.71373391938168 0.128122783999193 "W" 9
3.32732917680869 -2.28205845996073 "Q" 9
-5.36675359554799 -2.15838650481911 "G" 9
-4.96629472660831 -2.10407301027979 "G" 9
-4.66596547468766 -0.558546335711063 "G" 9
4.07993398083109 1.14715514795532 "W" 9
-2.00325920198013 3.45045827103747 "F" 9
4.10389551669918 -0.102839796082197 "W" 9
1.90506033347153 -3.00937537218061 "Q" 9
0.838289064497639 -2.71742005309094 "Q" 9
-1.50986867082647 2.00359805575491 "F" 9
-4.74627849127575 -1.68814771295559 "G" 9
-0.0211199484963227 3.87816327534582 "F" 9
-3.31048530071693 -0.440238507952946 "G" 9
-0.763382057799378 3.08672870602109 "F" 9
-0.508009409798691 3.14562926857142 "F" 9
5.26240012328605 1.23787068446333 "W" 9
4.0127605886886 -0.487224208050492 "W" 9
-3.15437793855539 -2.94789493536722 "G" 9
3.77418959223184 -0.264222470173907 "W" 9
-7.11353805663544 -0.20771353520915 "G" 9
1.84208755018166 -3.48201301977233 "Q" 9
1.44400378297154 -1.19622150421105 "Q" 9
-0.333501089894534 2.08779258357025 "F" 9
4.13411165294249 0.292287698226307 "W" 9
-3.32031627290303 -2.10931724569702 "G" 9
0.406904970150499 -4.45288811987572 "Q" 9
-0.150769936466428 3.51831539694883 "F" 9
-3.64013629358891 0.11126771806319 "G" 9
3.65948329143883 -0.993635743343404 "W" 9
-4.93873744723359 -0.996365585646006 "G" 9
5.41748081836483 1.06551156727188 "W" 9
4.3165673604849 -0.436553704398774 "W" 9
1.6972234936343 -3.14812990639886 "Q" 9
-1.33284156762382 3.88374581613107 "F" 9
0.556775846193983 -1.10961684919453 "Q" 9
3.42099922495918 1.29361534331384 "W" 9
1.44975311908991 -2.91297869197482 "Q" 9
1.68203451989528 3.36684920464143 "F" 9
-4.13596309897463 -3.0011715250067 "G" 9
-2.56726476682791 3.69199117507343 "F" 9
0.851517752003896 0.390255544613156 "Q" 9
3.83297393905387 -0.304131475585992 "W" 10
-4.60625813672306 -2.36612721343456 "G" 10
4.50944361387302 1.69202050429317 "W" 10
-4.26849761131575 -1.24084011244678 "G" 10
-1.60303223443386 3.71079960266048 "F" 10
5.26711217435625 1.81180798731245 "W" 10
-2.61387727843188 -0.776748046945035 "G" 10
-3.14940987404283 -1.06006942054729 "G" 10
-0.284076986046524 3.59447619437917 "F" 10
2.27404658012745 0.535855390215685 "W" 10
4.92627150433843 2.00723971517679 "W" 10
-1.10097524367731 1.96720562508319 "F" 10
4.51710213878058 -2.78793873813266 "Q" 10
-4.00080743198561 -2.09638202263526 "G" 10
4.10410508980753 0.810465693903419 "W" 10
0.709057627491619 -1.78021307182752 "Q" 10
-4.22426848714561 -1.2588420809742 "G" 10
-1.68582819668328 2.27174174580219 "F" 10
3.48381553654656 1.07120336658891 "W" 10
-0.212703697101206 -3.1969655795048 "Q" 10
3.87103540482027 -0.837503616683288 "W" 10
-3.15296756583332 3.55292863373987 "F" 10
-4.08862456750701 -0.359288959402475 "G" 10
-1.39012497477307 2.57662659653732 "F" 10
0.822128206830261 -3.54315750230562 "Q" 10
0.632425112081035 1.12650728136878 "F" 10
-3.88320382554528 0.182077690020545 "G" 10
-0.590591812078626 -1.63334776376824 "Q" 10
-2.53249131132098 2.97331764064478 "F" 10
1.45908951110383 -3.83670571216045 "Q" 10
2.73210600387981 -4.05699834724315 "Q" 10
4.8891792261982 -1.13654815079659 "W" 10
-4.43209037091743 0.889338320477262 "G" 10
-1.86913771976703 1.93219446890585 "F" 10
-3.83674224440234 -0.426417014579316 "G" 10
-0.334795431645526 2.89643247982714 "F" 10
2.18340329594281 -1.82298659097672 "Q" 10
1.97616449400127 -2.55165677147178 "Q" 10
-1.5802072012083 3.53979323358536 "F" 10
-1.32572692346677 1.86198285158213 "F" 10
1.20010981891446 -2.34894997996851 "Q" 10
-1.31018925593725 1.66022336054278 "F" 10
4.63329468648379 2.40004575254295 "W" 10
-1.14955808544732 1.71018885755002 "F" 10
2.40981836078286 -1.62483410596154 "Q" 10
-4.91787769405761 -2.42861370884249 "G" 10
4.5904478541958 1.54022596212578 "W" 10
-5.28465381900926 -2.10798551412064 "G" 10
1.36589517951549 -4.08918528700054 "Q" 10
3.0396926213789 1.3577378324494 "W" 10
-3.36315926126891 -1.94197874151651 "F" 11
2.55105546680142 -0.164403963460911 "G" 11
3.05090813988621 2.4825839948995 "G" 11
2.70415391199284 1.51246537978407 "G" 11
4.32853116398075 -0.521356812798674 "Q" 11
2.3779862173938 -1.2262490369189 "Q" 11
-4.94233716373764 -0.506701080248764 "F" 11
2.76889591769253 -1.99563401531834 "Q" 11
-3.51482711617013 3.81781109833337 "W" 11
-0.506627854918043 2.32461165575743 "W" 11
-2.73155683043564 -2.19429946910628 "F" 11
3.29533447276886 0.218051388871047 "G" 11
-4.15287340046251 3.28700289279255 "W" 11
-1.53725884893143 2.73663655141601 "W" 11
4.56029519552505 -0.649683510753436 "Q" 11
-3.1548290282216 -0.989758162175335 "F" 11
-4.42997548554154 -1.08450219051553 "F" 11
-4.52682247683177 -1.73863410786368 "F" 11
3.96687023510556 2.02867802214331 "G" 11
-2.57379940692859 -2.20939434568797 "F" 11
-1.73047435962768 1.11696649556152 "W" 11
-1.65065700372733 2.52837736831693 "W" 11
2.90042008639274 -1.61865476268648 "Q" 11
3.44605294128101 -2.83145675404642 "Q" 11
-1.46230211477264 2.00995468318991 "W" 11
-1.85245399567127 0.809921887025457 "W" 11
2.03582367702889 -2.12139603419692 "Q" 11
-1.52814155864196 -1.68559369056157 "F" 11
-0.35703764970526 3.58429405064061 "W" 11
-4.54365630049026 -1.50697184227659 "F" 11
3.55556859215538 -3.11396632836115 "Q" 11
0.12662445814383 1.44165677320059 "G" 11
3.53861282055342 0.0663810407483949 "Q" 11
2.33945698199087 -0.84468545496844 "G" 11
2.91472743620709 3.21701123918167 "G" 11
3.51184621609635 -2.605747848401 "Q" 11
2.05211228716888 1.40188730402262 "G" 11
-0.591000403393191 2.21711561647179 "W" 11
-3.44422044375784 -2.20972106737296 "F" 11
1.19845846514965 0.482261465610148 "G" 11
3.40975486192341 1.86138002714681 "G" 11
2.86179632883206 0.663053684589028 "G" 11
-2.37511097030051 -2.25842991777453 "F" 11
3.56166895124112 -2.02064358037571 "Q" 11
-3.47059273228646 -0.136998974910159 "F" 11
-2.96822072183276 -2.63575665658121 "F" 11
-3.23367022075295 0.502127603176478 "W" 11
-1.5687978594749 1.94435604762805 "W" 11
-4.09904030523912 -1.09745339330544 "F" 11
3.2524886878103 -0.344514528324402 "Q" 11
-0.661412492915949 2.02608585393869 "Q" 12
-0.663380772083362 0.333189600131836 "Q" 12
0.720892724649593 1.68664136577729 "Q" 12
-0.835791844254024 2.60664558616942 "W" 12
-4.62686125049148 -3.82015679845545 "F" 12
-5.04146411036988 -2.65954429792863 "F" 12
1.31164001058537 3.05916887036295 "W" 12
7.1205013947765 -2.28078979276937 "G" 12
0.756004539879822 -0.118679356478462 "Q" 12
0.658477701406551 3.56089883584663 "Q" 12
-0.675845467013333 4.43731690272981 "W" 12
6.15410800146181 -2.00951374323893 "G" 12
1.03022885177099 0.622080016767879 "Q" 12
6.56266242894952 -0.741871522973703 "G" 12
6.8754891474039 -2.24361852384367 "G" 12
5.78306216869096 -4.3809109022706 "G" 12
1.56075446535371 1.87386584939148 "Q" 12
0.92151209799253 3.88143611121457 "W" 12
-6.50407222704555 -2.48278599751105 "F" 12
0.129839841580078 4.27399286083433 "W" 12
-7.03624226615761 -1.25595666621331 "F" 12
-6.62994079603767 -1.22720357626545 "F" 12
1.11004734561984 0.610349655515083 "Q" 12
-0.760145433664827 3.70762401448484 "W" 12
5.56558766959551 -2.09769552795086 "G" 12
-1.7576627889454 1.80427947162882 "Q" 12
-0.842802704605237 0.0638280275737172 "Q" 12
7.16910209702747 -2.97267515148013 "G" 12
-7.05206092820317 -1.43664620828087 "F" 12
7.0235073725896 -3.3906277478117 "G" 12
5.84172363687182 -1.83771476960929 "G" 12
0.587568056903005 1.34101521186289 "Q" 12
-3.54205419027808 -0.374578270510195 "F" 12
0.250191226404037 2.14294106946379 "W" 12
0.625641975441427 2.14875172001676 "W" 12
-5.91943301337843 -2.68455829014716 "F" 12
1.15833318733354 1.61303813594633 "Q" 12
0.751550806020757 3.47155723974279 "W" 12
-3.70052880480411 -1.1648771222472 "F" 12
6.01051433030718 -2.64418618842386 "G" 12
1.40230029347057 3.22509862361247 "W" 12
-7.32798571613014 -1.75711823899307 "F" 12
-0.904070743315279 2.69922365819477 "W" 12
-6.43969389146766 -1.0880351627262 "F" 12
-5.47507428674163 -3.56825391443134 "F" 12
4.73072800100499 -1.53987776673009 "G" 12
-6.53925335417658 -3.0076346764745 "F" 12
5.44792105863727 -2.26049946282559 "G" 12
-4.73046940851957 -1.64342272907425 "F" 12
0.40635605887075 5.50040372445779 "W" 12
-0.245098915155085 -0.888347033995049 "W" 13
2.06976854198243 5.51787090724752 "Q" 13
3.76257600863671 -3.34440756029522 "G" 13
-3.43420611331372 -1.00926299599504 "F" 13
0.842146139838471 0.472482432201155 "W" 13
4.73251014282689 -3.00884141366219 "G" 13
0.0440067579285741 3.57949353734067 "Q" 13
-0.1281348674272 4.79424401685389 "Q" 13
-2.88221193380782 -0.472868093047408 "F" 13
0.173318311710201 -1.49595017252116 "W" 13
3.29227736959065 -2.62704617959207 "G" 13
-5.51740902315586 -1.34892334705593 "F" 13
4.63728920139095 -1.07673760279001 "G" 13
-6.82044440666982 -1.86405872446413 "F" 13
-0.31111876869566 2.88646998763613 "Q" 13
-3.10890866795557 -2.05338590733942 "F" 13
0.351355235602083 2.99369242857025 "Q" 13
0.708750281216786 1.64520281068716 "W" 13
0.0703086588288483 -2.32052387165363 "W" 13
4.6082954404441 -3.69671418947045 "G" 13
4.12717803084861 -2.23197934086614 "G" 13
0.851561784543081 3.53404420982543 "Q" 13
1.27129345623399 -0.283250058233565 "W" 13
-3.97196992621909 -1.35046964381749 "F" 13
0.378570469699046 0.881010488532335 "W" 13
2.63637812199865 -0.690576138954519 "G" 13
-2.56244660679034 -2.26371773206158 "F" 13
0.736796434675216 3.44415077479924 "Q" 13
-1.13446584365543 1.78574269513699 "W" 13
-3.32538527516648 -1.7360574836456 "F" 13
3.47856989369621 0.322957642009652 "G" 13
1.25513599105817 -0.252071998791316 "W" 13
-1.32438745786124 1.98327324260016 "Q" 13
-2.17267501922209 -1.10072350125279 "F" 13
1.28528730851945 4.03327886177873 "Q" 13
4.67956385090067 -2.83904739493252 "G" 13
-3.85489873203874 -1.05288084343495 "F" 13
-0.288605133146501 0.0993317683995928 "W" 13
-5.28243202916726 -1.86297513503821 "F" 13
-4.09986758461812 -0.905413196836665 "F" 13
4.97793154631719 -3.1272690711018 "G" 13
-5.07113277380321 -1.11721573185325 "F" 13
0.742370906741121 0.0816304804098299 "W" 13
3.01121636197907 -0.623206194197843 "G" 13
-4.19153601335632 -1.52679743897597 "F" 13
-0.927704723093841 3.8556169576616 "Q" 13
2.10255802490676 3.98829793396499 "Q" 13
0.427143587722126 3.48797082609475 "Q" 13
-0.414691094744652 0.505749709452694 "W" 13
3.81557304922796 -1.72179371532683 "G" 13
-6.59121974411658 -0.18761842762616 "G" 14
-1.47249364797538 1.41444654355727 "F" 14
-6.76235082000522 1.25145848667285 "G" 14
8.67224152479667 -0.557128202074415 "Q" 14
-1.15522876813002 -2.85014810353412 "W" 14
9.94058157185729 0.462688422586849 "Q" 14
-0.3289830504014 -4.75462652986784 "W" 14
-7.60621679568313 1.08285267584342 "G" 14
-1.46669198166102 -3.72554775907782 "W" 14
0.583999416967709 -4.1694658049359 "W" 14
8.49179864479864 1.16963123944656 "Q" 14
8.29896032469134 0.293062869817264 "Q" 14
-8.15026175317644 0.622937381794028 "G" 14
-1.27303612425236 -4.67868265787031 "W" 14
10.8471711693335 -0.0157677796898861 "Q" 14
-6.89199247561186 0.250427912559315 "G" 14
1.06539903276047 2.82398654386423 "F" 14
-1.4782794124529 4.24145786468077 "F" 14
-5.69814639053372 -0.334869966003375 "G" 14
0.391737386287742 2.10901359711541 "F" 14
-7.69278085407333 -0.155009830020913 "G" 14
0.284081455405303 2.11571651186576 "F" 14
-6.98137481424515 1.70391238803892 "G" 14
8.70141278453265 0.167503809778602 "Q" 14
-1.5013501967561 3.1168172952743 "F" 14
-3.41088004188666 2.46166249480909 "F" 14
-0.814907561837499 -4.98424977634345 "W" 14
-0.73881793920703 -2.98390740474107 "W" 14
7.61832438294145 0.892761769626273 "Q" 14
0.0802907741135098 3.12793539030442 "F" 14
6.6915689302184 1.41331397382783 "Q" 14
10.0038043904486 -0.537899302812097 "Q" 14
1.30864605709812 5.50584075241372 "F" 14
-1.09850218006821 1.02515340087103 "F" 14
-6.81996808588326 1.43667240850792 "G" 14
-0.339415877971433 2.86404285190339 "F" 14
-1.38037096805152 -3.83096057579609 "W" 14
-2.25725988772562 -2.77722812329465 "W" 14
-0.909188521507403 -2.54033400603606 "W" 14
8.72520986223999 -1.80299112556309 "Q" 14
9.64845301815237 1.19945535552864 "Q" 14
-8.04661011195013 -0.0562995018937785 "G" 14
-1.19944229715251 2.55586529809357 "F" 14
-2.30123057190795 -4.88899312854836 "W" 14
9.5832532378683 0.289956954696234 "Q" 14
-0.65600186389425 1.35661937138844 "F" 14
-0.975213935993547 1.99571832796504 "F" 14
-0.828151144142271 -5.04407642369909 "W" 14
-7.36110068847003 2.26495897110992 "G" 14
-6.74946545778798 -0.340066434512576 "G" 14
-3.13393761543854 1.96600420924094 "Q" 15
5.60091872657005 1.71830362204278 "W" 15
7.91546153349606 2.26058461606674 "W" 15
-0.339589668527232 -4.45138669368944 "G" 15
-3.53264370636803 1.3894707672591 "Q" 15
0.808380364976594 -4.75888567390778 "G" 15
-2.19003835047138 3.3246580618741 "F" 15
-4.86004349223871 0.103090520147235 "Q" 15
-1.50156997670336 -4.15974368424311 "G" 15
-4.72851162019386 -1.39332412882648 "Q" 15
6.34095055978638 1.84042406981764 "W" 15
-3.87052773602915 0.821926997336395 "Q" 15
4.89880066085787 1.57213535544313 "W" 15
-2.28228403292147 1.23080803005869 "F" 15
0.929634822773463 -5.29139875247186 "G" 15
7.22000995382897 2.03938310159397 "W" 15
-2.63696654864328 1.87790401162623 "F" 15
-2.69619422740076 2.96213527559433 "F" 15
2.27598186919276 -4.30092975829166 "G" 15
-2.449612900523 -0.285815430438754 "Q" 15
6.58913918717481 1.81530502866615 "W" 15
-2.7054189264631 0.554557915857554 "F" 15
0.114023991830455 -4.44125161202447 "G" 15
-3.48552587842684 3.30369622013528 "F" 15
-4.67612897398849 -0.147463071468962 "Q" 15
-0.507300365313756 -3.67223242756802 "G" 15
-5.13605343927636 2.29765974445236 "Q" 15
-2.30309794077228 -0.230757174735487 "Q" 15
7.47658126201289 0.969299462162856 "W" 15
6.46172493606842 2.56066478075164 "W" 15
-4.77798859879457 1.56255837950332 "F" 15
1.43220116953357 -2.17444163772303 "G" 15
-1.22266307725624 1.22243133834354 "F" 15
-2.61794589495448 2.26583745404912 "F" 15
-3.31997335123534 3.59511935642046 "F" 15
4.97980855895654 1.69674616863605 "W" 15
5.41247446981579 -0.0538781398296166 "W" 15
-3.53775423550683 0.869233702282919 "Q" 15
7.18410169933028 0.135914760321384 "W" 15
-1.69760287802461 2.47011387445275 "F" 15
-3.24561817457774 0.455038119537132 "Q" 15
-4.28583011352835 1.34168511007284 "Q" 15
-0.586333336503257 -5.746803349927 "G" 15
0.347002555792892 -5.83714494214304 "G" 15
-3.61447594526496 1.15287035948594 "F" 15
-2.10614598548428 2.25437746311567 "F" 15
0.385728970191937 -4.96590148353364 "G" 15
7.19061024459419 2.65840274107982 "W" 15
1.795290667519 -4.47600449397902 "G" 15
-1.31104921347277 0.0990218373733859 "F" 15
-0.387610667819427 2.79276346819135 "W" 16
5.18455032931678 -0.382851566360063 "G" 16
4.11424871259306 -1.6254148593665 "G" 16
4.56569131799789 -0.987328694545867 "G" 16
-2.15843154473545 -1.54272328183907 "Q" 16
-2.10777288725012 -2.11591512982062 "Q" 16
4.23944298159596 0.253348759961236 "G" 16
-2.49395179927089 0.679131031923111 "F" 16
-2.67097087987893 0.927584830593462 "F" 16
-4.31585742636118 -1.81283501984959 "F" 16
5.344882337764 -3.30305124843756 "G" 16
-2.86848633435525 0.701620031582389 "F" 16
-1.7457592071354 1.9685492874634 "F" 16
1.52445127208177 2.56135789010389 "W" 16
2.7259581597053 -1.89679220850617 "G" 16
3.69471947496208 -0.761276058244187 "G" 16
3.80306678626897 -1.32598167783572 "G" 16
1.91087561402431 3.29045448741594 "W" 16
-0.598388039545377 4.07488583801443 "W" 16
3.32677233990475 -0.891553216873258 "G" 16
4.53546876738197 -2.56264466412052 "G" 16
0.864087173977946 2.24755635356225 "W" 16
-2.91489615840395 1.0527676321096 "F" 16
-3.32781215377028 0.0798041181896674 "F" 16
2.08624748113467 2.03363794833962 "W" 16
-0.669381909687094 -3.35739680862012 "Q" 16
-1.73515757486449 -3.46485788874035 "Q" 16
-3.65178656453194 1.0462488838582 "F" 16
1.20576086800424 2.33109841781287 "W" 16
4.05009522534981 -1.43916064410762 "G" 16
3.74271206003893 1.49420735956344 "W" 16
0.339982239764554 4.00232468855821 "W" 16
1.51258555046339 1.86741333811892 "W" 16
-1.45704816865798 0.71888351554353 "Q" 16
-2.5584756938602 -2.14386115613761 "Q" 16
-2.88481948553157 0.644688681364431 "F" 16
3.40803151516698 2.99865484724104 "W" 16
-1.85187126353911 1.37221986622907 "F" 16
-0.695133246918013 -2.9959297279571 "Q" 16
-2.35134387859559 -1.03722576106517 "Q" 16
5.00651956428782 -0.476332773680324 "G" 16
1.30739052763429 2.63644626492385 "W" 16
-3.15097671343698 1.31770299281501 "F" 16
-2.19264599917276 -3.3525895376454 "Q" 16
-3.72427934060608 2.00832441825431 "F" 16
-4.92193075486397 0.125393986496003 "F" 16
-0.595601770661917 -1.84685740322118 "Q" 16
-4.1406681337924 -0.0961166787238932 "F" 16
-2.44599128592564 -3.00193301070832 "Q" 16
-3.87649141624732 -2.80643992182307 "Q" 16
-0.76746887319419 -3.36301493372415 "W" 17
3.60680052134247 1.58879692833354 "Q" 17
4.73778279613668 2.69463127963791 "Q" 17
3.03571697287199 2.50092976429817 "Q" 17
-0.784971506938566 -2.30329569699119 "W" 17
-0.0327725424387621 -4.06646010410386 "W" 17
0.896271715516821 1.81082911534552 "G" 17
-0.185587321950209 -4.93658446816163 "W" 17
-1.22454953469873 0.690787078951439 "G" 17
-2.72891409971869 1.33826552820286 "F" 17
4.51280002318457 1.92320456918024 "Q" 17
1.36900605835376 -0.391250161448819 "G" 17
-0.113575179535862 -0.350439393920396 "G" 17
1.57304053218056 -0.794780578795439 "G" 17
-0.0909823399110595 -2.67695126524565 "W" 17
0.257867482964724 0.626787428312082 "G" 17
1.42119311703402 0.753558386546362 "G" 17
2.64564483651339 1.86349572470141 "Q" 17
-2.79556043869977 3.71598059193337 "F" 17
1.1040134966285 -4.52274926784777 "W" 17
4.26417806310061 1.17941059713379 "Q" 17
-3.30338878885185 0.288104577321044 "F" 17
-3.95766052035351 2.59614092632778 "F" 17
-1.01589766478738 -4.39946249982091 "W" 17
0.378125681366765 -1.62103689785647 "G" 17
-4.89342819747432 1.83563878776983 "F" 17
0.0350981690734913 -0.275841887806714 "G" 17
5.98466618127501 2.19571239767484 "Q" 17
-5.42467799592795 1.05930548695196 "F" 17
-1.15873137100491 -3.47648114715401 "W" 17
2.63830180050592 0.177318714619117 "Q" 17
2.93179231049206 2.73137961153708 "Q" 17
-1.71982420711704 1.95206404955277 "F" 17
-3.10246122719942 1.91328671144869 "F" 17
-1.1380254493031 -1.86454124140709 "W" 17
4.49816600286666 2.84386989299738 "Q" 17
-3.53738270374596 0.294485315995304 "F" 17
1.33510758807012 -3.75553690321672 "W" 17
-2.09925838374297 1.46167590411526 "F" 17
-4.28379998238098 0.531210514968166 "F" 17
1.06582492838883 -3.63084169304627 "W" 17
-1.05352796041724 -4.69772509602356 "W" 17
-3.85760523905642 2.57988851667785 "F" 17
2.72330536043208 0.896162710542328 "Q" 17
0.244333232296551 0.975745621870759 "G" 17
0.731062747138917 -0.472155017508411 "G" 17
2.36265483050546 -1.71826498718811 "G" 17
-3.61327370658329 2.05564617880159 "F" 17
-4.5754054831479 2.38728437309028 "F" 17
3.10597626994034 -0.144184043571562 "Q" 17
-1.51562710109883 1.96869142931391 "Q" 18
7.29394494977779 1.63744600368258 "G" 18
5.6099582481356 2.45262591188243 "G" 18
-1.26555548660478 0.828721076888102 "Q" 18
2.68111149483385 -4.93248631173643 "W" 18
0.170311918349905 -4.85954321990728 "W" 18
-2.08679071336303 1.59479212104343 "Q" 18
5.87161868187813 1.76586494820235 "G" 18
-0.215116389502624 -0.470309812129446 "Q" 18
-4.86162596442272 -0.177058541327945 "F" 18
-5.20860710362663 0.5099446121876 "F" 18
1.0406616011662 -4.36340975134671 "W" 18
-1.69095087236319 0.554080318098244 "Q" 18
-5.21306453769088 2.52988905504877 "F" 18
0.762911864582921 -4.79003444144243 "W" 18
-4.88948313034604 1.11806455529129 "F" 18
-4.88114783479437 0.99602914916747 "F" 18
-2.32102264078481 1.96754042072844 "F" 18
-2.88338183089987 1.73656953591989 "Q" 18
5.10429523863656 2.99569559797139 "G" 18
-1.39721511073082 1.49908692104989 "Q" 18
-1.09456099429642 -4.87725311699418 "W" 18
-1.8091238134125 0.0557510465032663 "Q" 18
6.78045891639376 1.29972964141614 "G" 18
0.671436506945082 -4.96302990263068 "W" 18
1.86793453331959 -4.33111016077035 "W" 18
-3.11023748516948 -0.713712687184271 "Q" 18
5.45802691241709 2.12893673282093 "G" 18
-1.30045726992677 3.21346361002399 "Q" 18
-3.16841953792999 0.709262088558516 "F" 18
-3.12185162244781 1.10213673490351 "F" 18
-0.502253274786609 2.11434737083418 "Q" 18
3.59095518259276 1.88939627447967 "G" 18
-3.4498959659345 1.6510870876742 "F" 18
-3.23736110681025 0.00467412446621124 "F" 18
6.5906288878596 0.0483283668711348 "G" 18
5.17343489008539 0.883731793222351 "G" 18
-4.19149967873976 0.851270730501759 "F" 18
-4.54291218963223 1.1588055381235 "F" 18
0.329539018814156 -2.56300099489461 "W" 18
0.592741627017031 -5.15884994953248 "W" 18
6.7623615356576 2.53694497241069 "G" 18
-4.82624694393663 0.177057511589592 "F" 18
-3.4675521862504 3.18623148190533 "F" 18
6.06677032762338 1.50122658510881 "G" 18
-0.183558649072107 -3.54981621064112 "W" 18
-3.47472305347458 0.541512112385806 "Q" 18
5.92250511690202 1.76573457916703 "G" 18
2.03128806513537 -3.49261932987911 "W" 18
-0.462653030075209 -1.7324356090254 "W" 18
-6.97874249523765 1.80870288053204 "F" 19
-0.922594503565098 -2.81255125649732 "W" 19
-2.85297245641529 0.193433016975519 "G" 19
-1.7438947085254 -2.93837533592981 "W" 19
-2.40311786454312 -0.45052449004766 "G" 19
10.6124758263962 1.64074060740879 "Q" 19
-5.32817584240125 1.5910594925743 "F" 19
0.2698722039328 -4.0342873899744 "W" 19
-6.00289663394113 2.60360974740393 "F" 19
-6.37167562417524 -0.178131233863616 "F" 19
8.9488253279813 0.134452660499285 "Q" 19
-0.10908374029646 -4.722112701535 "W" 19
-4.61111563088297 2.67310127812222 "F" 19
-4.81744883815078 0.756976272775182 "F" 19
8.90440059782349 -0.229413338452118 "Q" 19
-1.9941054192227 -3.05733697647112 "W" 19
-0.461434697531835 -4.61398720382948 "W" 19
-1.64239325507288 1.36879022225821 "G" 19
8.50287328984764 0.389531774500515 "Q" 19
-2.95994561406298 0.526304300557842 "G" 19
9.74287337636597 1.18149548828651 "Q" 19
-6.02957550148596 2.49283874010661 "F" 19
-2.7992965426561 0.703146556637838 "G" 19
9.02678497337068 1.67929674350564 "Q" 19
-3.01833869717681 1.12876279258467 "G" 19
-6.03709620335981 1.69080994774142 "F" 19
-2.38970865046329 -1.88699814626141 "W" 19
-2.57325836296399 -0.793055891046454 "G" 19
-5.3857431467016 1.98394801241554 "F" 19
9.66472698332441 1.49124422205009 "Q" 19
0.207805882952904 -3.75694856612233 "W" 19
-0.234759347854044 -1.92346882722597 "W" 19
-4.23364008433849 -0.128902131823096 "F" 19
-1.84576066758228 1.75683350051264 "G" 19
-4.17486069603509 0.027301307333248 "G" 19
-6.47145227687759 0.684911147268445 "F" 19
11.0952641999168 1.45639180865311 "Q" 19
10.6560496340484 -0.921809955015088 "Q" 19
-3.21473951003523 -0.304480652065962 "F" 19
0.820719050395105 -1.33470685406904 "W" 19
-2.21148259587083 -0.327878999444939 "G" 19
-1.19802674461723 -3.47401914551922 "W" 19
-4.43907662630637 0.156208145875328 "G" 19
10.9773003811479 1.84667033371952 "Q" 19
9.51028491611328 0.790571040131905 "Q" 19
-6.76259688194016 2.08583448662053 "F" 19
-2.32926910607888 2.17153120181644 "G" 19
8.86185309166004 1.03802830296181 "Q" 19
-4.08180225458125 1.48240787343399 "F" 19
0.827971485673124 -1.64594481006906 "W" 19
-0.342666956515079 -2.03527015485401 "F" 20
-3.44582881108523 -0.493435717577658 "W" 20
-4.79600443919796 0.417273618745607 "W" 20
0.917645658245589 2.75768876805497 "Q" 20
2.28874335740969 3.37008056893784 "Q" 20
-0.323648969434816 -2.98979992214303 "F" 20
6.24678311471121 -0.343893314235304 "G" 20
4.32320117183955 -0.147542454602504 "G" 20
1.01905567694118 3.36503817314627 "Q" 20
4.5028006195324 1.83706537091956 "G" 20
3.04188507748558 -1.39600888647832 "G" 20
-0.226643501971026 3.4437315153419 "Q" 20
5.10721299103431 -0.878260395153678 "G" 20
-5.70553840509208 1.51267952517565 "W" 20
0.519502492583598 -1.35701383240146 "F" 20
0.114029989014819 -4.31638740956969 "F" 20
5.92045253498746 1.14707019626035 "G" 20
-4.21348956734514 0.944770144444445 "W" 20
1.24369908749081 3.86006956511432 "Q" 20
1.02108541329562 3.95925166777444 "Q" 20
-1.06218755050914 -2.50613808917254 "F" 20
-0.644687488079862 4.4347632186553 "Q" 20
5.09285544256496 -1.03656979730441 "G" 20
-1.19337038027812 -3.65366888786404 "F" 20
3.71022570095538 -0.564322010327538 "G" 20
-1.158729192652 2.3140190453163 "Q" 20
-0.930892037809822 1.99700223406359 "Q" 20
5.00908161437945 -1.51645777401209 "G" 20
3.91854216828554 -0.121823561237037 "G" 20
-3.36803800536091 1.15191049977998 "W" 20
2.99629899053797 -0.583877769046073 "G" 20
0.342672962394284 -1.78366780146713 "F" 20
-2.29820920891383 -1.84228807660635 "F" 20
2.02086905575276 -4.65240993962073 "F" 20
-3.12890526603717 -0.198856063018494 "W" 20
-4.15782104734001 0.344023105323147 "W" 20
-5.59498334772241 -0.144622731249728 "W" 20
-0.0182766720673742 1.56471643149178 "Q" 20
-0.723128783391988 -2.56614667867233 "F" 20
0.630766054517175 3.78798944220493 "Q" 20
-3.68776504373858 -0.483871345778556 "W" 20
4.31932952410338 -0.118103469378627 "G" 20
-4.44983082458333 -1.46449204968679 "W" 20
-1.06882124393432 -1.78495062860866 "F" 20
-3.35927605877907 0.173608200344845 "W" 20
-1.48781830346684 -2.51326692011778 "F" 20
-0.463640936807615 1.53794368866133 "Q" 20
-1.31025962650209 -3.23486280226071 "F" 20
-4.32178452160712 1.58319221463781 "W" 20
-0.824492507839745 -0.775878711948991 "F" 20
