"LD1" "LD2" "grp" ".sample"
4.00856256606148 -1.06914890309543 "W" 1
4.65393532772508 -0.0446720226752741 "W" 1
-2.10024161007636 -0.765384230966887 "Q" 1
-2.60726866760303 -3.52263455341797 "G" 1
-3.32383036587011 0.73259283225471 "Q" 1
-0.4943342343057 2.98477076965079 "F" 1
4.37002079233255 -1.20980255759108 "W" 1
5.9128737258677 -1.10367501777517 "W" 1
-1.4492646976657 2.27261416847297 "F" 1
-2.79697600811936 -0.317994807766131 "G" 1
-0.318598819384585 1.66036476524311 "F" 1
-2.52893835818434 -0.682981451136354 "Q" 1
-0.893171788408878 1.97533773657105 "F" 1
-1.03115146665334 3.16504841946535 "F" 1
3.27954455285394 0.29885817522589 "W" 1
-2.05273249696721 -0.594291160670487 "Q" 1
-3.12117390442546 -1.79160460880138 "G" 1
5.84488525692724 -0.280473848196869 "W" 1
4.19003007608243 -0.104821933960587 "W" 1
-0.837603211748239 5.08197093301288 "F" 1
4.93429908824694 -0.374371362138169 "W" 1
-0.800671239820423 -1.91313176675608 "G" 1
-1.55003183162473 -2.9732827345816 "G" 1
-1.04367394626478 2.02688145040137 "F" 1
6.54244904976325 -0.661210436229429 "W" 1
-1.69088838630914 0.383780870133901 "F" 1
0.458639440386874 0.452560358079722 "F" 1
-0.606677609723512 -0.592795510005169 "G" 1
-1.42726736416382 -0.712428496041889 "Q" 1
4.46218841916372 -0.079659904100819 "W" 1
-1.3204703501596 -1.87068763513777 "Q" 1
-1.66020872944076 2.24408558227703 "F" 1
-0.0381609621978019 -2.29240516056782 "G" 1
-2.73200158295992 -0.499183388065305 "G" 1
-4.00554300066659 -0.955558412192927 "Q" 1
-3.71769203256414 -2.77915529241943 "G" 1
0.941699920366191 3.55877099194663 "F" 1
6.09330960880398 -0.157642254837946 "W" 1
-1.48199586962719 1.72454333190606 "Q" 1
-1.32266504990326 -0.709452992957437 "Q" 1
-1.74535409634304 -1.18835842249363 "G" 1
-1.47975559813595 2.12229802713561 "F" 1
-1.49278052266112 2.95923051542661 "F" 1
-2.03935649552762 -2.97753607759289 "G" 1
4.62815900363629 -0.111146466113359 "W" 1
-2.89211734009188 -1.49054921345571 "Q" 1
0.0738869641788984 -3.04853266652073 "G" 1
-1.14920226652484 2.67760620001513 "F" 1
-2.06561901330977 0.0814710982575134 "Q" 1
-0.577064874964355 0.47178706278553 "Q" 1
-2.03890920087061 -1.74405079886614 "W" 2
5.64153363272934 0.581612003659786 "Q" 2
-3.68734310942598 2.74238059910982 "F" 2
-4.21457278705122 3.65548488728606 "F" 2
-1.92404453585019 -1.78710671811472 "W" 2
5.77977658753166 1.5148346829002 "Q" 2
-4.32579390239724 2.98465239368595 "F" 2
0.272278960322501 -2.54517496472355 "G" 2
-1.19212533396567 0.685152727282492 "W" 2
-0.664689729337696 2.9028932285463 "F" 2
-1.42916700134243 0.0754494740767503 "W" 2
-2.77618704383016 1.30558282362731 "F" 2
-0.292143419608494 -1.73771737060183 "G" 2
-2.32134419164341 1.74994121186716 "F" 2
6.72861112755333 1.20762571577508 "Q" 2
-3.90643526158599 0.191478517218565 "W" 2
-0.0878487099603075 -2.82544374697924 "G" 2
-2.34837188720931 1.8147707762676 "F" 2
4.68713433835885 0.545932957392476 "Q" 2
-4.54691012339048 1.69085650782745 "F" 2
-1.05344604522597 -2.45354638632061 "W" 2
-0.607581533869326 -2.35053783249594 "G" 2
6.25516341033433 2.00210316875726 "Q" 2
-1.67313412428617 -0.632150281275633 "W" 2
-1.26464979407088 -0.959869664133351 "W" 2
-0.0982281033537114 -3.9853275896332 "G" 2
-1.75830190960355 0.105522606124822 "G" 2
-2.6900445126921 -1.91618770492602 "W" 2
6.51468517545536 0.491847709911232 "Q" 2
-0.109308875742828 -2.81809613641968 "G" 2
-1.07260320238997 3.08860055268149 "F" 2
-3.54289637130923 1.51770181283509 "F" 2
-0.809827237995203 -0.376090645812685 "W" 2
-5.26697649019839 0.252524175152513 "F" 2
-0.818075318518273 -1.65976449001191 "G" 2
0.578981577209228 -2.06366370550341 "G" 2
-1.22003734147719 0.189054047971282 "W" 2
-1.97931850047713 -2.26022572011047 "W" 2
-1.5898989016398 1.33480673186426 "F" 2
4.49520293035098 -0.664468018004314 "Q" 2
5.66033950016192 0.461320480329535 "Q" 2
6.5758210021266 0.643142117155906 "Q" 2
5.29753958931281 2.4926661240702 "Q" 2
-2.35470627017065 1.76296314462953 "F" 2
-1.07747844323537 -1.33181827921288 "G" 2
-3.78541363352975 2.38355507436831 "F" 2
4.65798361246123 0.89113076955048 "Q" 2
-0.543030929734439 -3.27927676840866 "G" 2
7.14347334945908 -0.51776066647413 "Q" 2
-1.21768101637792 -3.35730953389658 "G" 2
-3.71320651657268 2.51072011965103 "F" 3
3.65959985698806 1.68612520961749 "Q" 3
0.789043380375808 -2.73238436525025 "G" 3
-2.92806190660222 -1.26893375094138 "W" 3
3.0683902700569 0.86525709451938 "Q" 3
-1.8192293431877 -2.23818097977951 "W" 3
-2.40592687365589 0.619251469932919 "F" 3
1.17731320506554 -3.70744895523139 "G" 3
2.74643352248187 1.19013135188451 "Q" 3
-1.18762411195849 -2.36914437640848 "W" 3
-1.08635697766061 -1.85477861642832 "W" 3
-1.83180174193964 2.06723747440869 "F" 3
-2.01577859113166 1.19456848447 "F" 3
-1.52061592348959 1.07649372727933 "F" 3
-2.92067879430304 0.903222070485058 "F" 3
0.290494053201933 -0.628784384589915 "G" 3
4.32112325902564 -0.655814439682613 "Q" 3
-1.25576975469257 -1.69601827634515 "G" 3
4.27614202735071 0.821327199045054 "Q" 3
1.29262454186831 -1.62529497203115 "G" 3
-2.40428998815329 -1.92448860075507 "W" 3
-1.02354271207569 -0.382637595602044 "W" 3
0.81753243110231 -2.24618799126332 "G" 3
-2.66964749166838 -1.23596502625794 "W" 3
-2.08038734154664 4.32886041995992 "F" 3
3.61747972575535 -0.0912588546004848 "Q" 3
0.812580424779883 -0.486123741949592 "G" 3
2.06613286755536 -0.533506934356994 "G" 3
-0.555799337982212 -1.07830865020022 "G" 3
-3.58487178322369 2.74459835318577 "F" 3
0.124996305681493 -2.38016791350956 "G" 3
1.62950799824423 1.29779015370796 "Q" 3
0.0868835090391852 1.85225358926669 "F" 3
-1.67003670809451 -1.36930027833104 "W" 3
-3.26890579226968 1.98592513845914 "F" 3
4.60366899527677 -0.925253194498639 "Q" 3
-0.493240330935513 3.36685827542798 "F" 3
-0.582329871467337 2.70007826815825 "F" 3
-0.428595583551015 1.70612548349904 "F" 3
-2.48712489724411 -0.891704444438166 "W" 3
-1.0062881582814 -1.73594364641826 "W" 3
3.21806942520354 1.09762488999959 "Q" 3
-1.35178448328858 2.980388255539 "F" 3
2.74624895643404 0.761925879247385 "Q" 3
0.627515036778787 -3.57063001579872 "G" 3
-2.33938507378574 -2.14544562920926 "W" 3
0.0849324415030055 -0.0559470341852702 "W" 3
4.14592520388914 1.73961955934523 "Q" 3
-0.742753652382223 -2.5565927239495 "G" 3
3.17139630348624 2.88986292492276 "Q" 3
5.79478634108591 -0.366912919029878 "G" 4
-3.14258528249288 -5.24733216286714 "F" 4
6.11633322867267 0.611784815275276 "G" 4
-2.35586158520439 2.81450092288719 "W" 4
-3.90588649232536 2.58053007679907 "W" 4
-2.63233037341743 -2.37662729438628 "F" 4
0.930876991211609 3.61177207810019 "Q" 4
-2.75048717026297 3.00978743756023 "W" 4
-1.31651845768249 1.49531552015561 "W" 4
-0.633508388603691 -0.703459630613894 "Q" 4
-3.57941357557044 3.64479193616605 "W" 4
5.20602366286596 -1.22866764677009 "G" 4
-1.85425204430052 -3.69037899946999 "F" 4
5.14855937546456 -0.161488159575135 "G" 4
5.26524022027279 -0.573502814838931 "G" 4
7.38179909317803 0.338196028045876 "G" 4
-3.45778210474728 3.27709179899063 "W" 4
1.44369494149825 0.548558844314504 "Q" 4
-4.88040551814194 -1.58677202298408 "F" 4
-4.22784349610357 3.98487412019335 "W" 4
0.0547734718030282 0.364959486735104 "Q" 4
1.34213598202014 1.90823776561247 "Q" 4
1.64074922124395 1.66814502549738 "Q" 4
-2.66748295081106 2.37449861033732 "W" 4
1.1385251879793 0.801547123890958 "Q" 4
-0.0032857746884743 1.3725068892918 "Q" 4
-0.654394554353825 -2.47706523622181 "F" 4
-0.554427314112854 2.48992855263985 "Q" 4
-3.86778937267015 -2.99257981145243 "F" 4
-2.6459489042384 1.98904877095238 "W" 4
-2.62693189146159 1.06102709941781 "W" 4
-2.26189016150816 -3.2980384620776 "F" 4
-3.91064097508322 -0.974324009540716 "F" 4
0.376591662386598 0.389053866882748 "Q" 4
6.67611457704125 -0.933279544083627 "G" 4
-3.58518874454057 1.44672003699243 "W" 4
7.75282922935751 -1.53788647478565 "G" 4
-5.27562373084309 -3.34327273618593 "F" 4
5.01349355283232 -1.75000845421613 "G" 4
1.85611002923019 2.89252529175412 "Q" 4
-4.29600754292687 -3.17507850979651 "F" 4
6.33985616756037 -1.19496242895152 "G" 4
6.20392435580018 -0.87498214187063 "G" 4
-3.16347791503559 2.7184718376577 "W" 4
-3.0585166058508 -2.96855725577339 "F" 4
-4.21153869406238 -2.21239143657087 "F" 4
1.83069679165461 2.06609204852641 "Q" 4
-4.00480611300754 -3.39801990017698 "F" 4
6.07536763302995 -0.779840277426061 "G" 4
-2.06365598214155 -1.61453765501112 "F" 4
-3.57224564754827 0.884625291612901 "F" 5
0.52661473283657 -1.98312520638988 "W" 5
1.96727541530527 1.6485640654104 "G" 5
2.23106464406565 3.53502982175737 "G" 5
2.122577321063 1.72993722787532 "Q" 5
2.02053646074092 2.29952094757477 "G" 5
2.02894149658161 -3.65627263270311 "W" 5
2.20286763636205 2.58325528161283 "G" 5
2.6796610868848 3.73628673619551 "G" 5
0.910612914921858 1.51149847377715 "Q" 5
-3.63232120826006 -1.31285714272843 "F" 5
-3.95662722484949 0.422140350429619 "F" 5
-3.46077192188671 1.49585059255749 "F" 5
2.86150383941046 0.297113147738691 "Q" 5
-4.6045868922266 1.94687849146207 "F" 5
0.982278023900616 2.49906676655449 "G" 5
0.669535665082587 -3.14065438818784 "W" 5
-4.52090781875079 0.901176858418906 "F" 5
-4.49629073729306 0.503525390629582 "F" 5
0.832062180928073 0.8044204960621 "Q" 5
2.86956345379733 1.28993100857827 "Q" 5
-0.681179392064166 -4.79559743552551 "W" 5
-4.18529410760919 0.00734244212068607 "F" 5
1.89411825468929 -4.48061743937596 "W" 5
-5.06094679098648 -0.00894166029023542 "F" 5
-1.67600261323065 0.282950699619099 "F" 5
-2.9486044127461 -1.40259486916751 "F" 5
0.338177447993745 -0.871555157747117 "Q" 5
0.985035872758169 1.9631426315089 "G" 5
0.943069775410018 -2.86827689375231 "W" 5
1.55969327973215 -4.53195927558427 "W" 5
4.54396188221504 1.07552526284589 "Q" 5
1.22303178862791 -0.477383325801696 "G" 5
-0.429077669120256 -1.50965577404754 "W" 5
1.65910842453749 -3.19260566254559 "W" 5
-3.75922913759054 2.12998337116706 "F" 5
0.682249288433989 2.1357159721479 "G" 5
2.54635640053828 -0.559560679045309 "Q" 5
0.240885042149592 2.44794615739328 "G" 5
-4.59797607941343 0.769774958464682 "F" 5
-0.247340804348915 -4.29817501106886 "W" 5
3.72582384126848 0.812931255086359 "Q" 5
1.44947987079295 3.18035203418125 "G" 5
0.940456710513837 -3.47211821133253 "W" 5
0.105990651089976 -2.75278212527894 "W" 5
3.26533240603511 0.40452108542923 "Q" 5
1.62894189286323 1.32585056170403 "G" 5
3.28452100264743 -0.0553075542140393 "Q" 5
-4.560578957696 0.186962152577706 "F" 5
0.46865271144339 0.558220912293337 "Q" 5
3.40861899311342 -3.8641789245536 "W" 6
-1.82938334961758 4.60257868522528 "Q" 6
-2.2911248665023 4.06266949579581 "Q" 6
-5.63512626680398 -2.15740446123554 "F" 6
-2.69585709769089 3.99862531518184 "Q" 6
4.3074317465834 1.09770363748274 "G" 6
2.60847570280632 -3.83180581047885 "W" 6
5.52997312455559 1.42473424104556 "G" 6
-6.70918413779472 -2.42416802620831 "F" 6
3.22362817922788 -1.53145746901634 "W" 6
-1.79995845398208 4.85631085764233 "Q" 6
-3.52635154385608 -1.13526762715506 "F" 6
-5.33653969786751 -2.3377321286962 "F" 6
-3.07315394170769 -1.74601444607513 "F" 6
-1.56913854524036 4.60754052958299 "Q" 6
1.10914947741729 -4.05636486047788 "W" 6
-5.2765296739141 -1.3166370565162 "F" 6
4.96684423174319 -0.0831528123955768 "G" 6
-5.0066189956432 -0.9004653914652 "F" 6
2.85094863314975 -3.11114146704038 "W" 6
-3.77780438115047 -1.29115382435887 "F" 6
-5.62346778992747 -1.65863136068294 "F" 6
-6.52995811390499 -1.48758739439266 "F" 6
5.00690246616869 1.5607001224358 "G" 6
-1.93894236483371 4.01427307131833 "Q" 6
-2.49636011280548 -1.68272276527905 "F" 6
2.57756207930902 1.36368202940293 "G" 6
-5.90109042282303 -0.865180985370061 "F" 6
6.29402902661036 -0.491352853520242 "G" 6
1.91272024159107 -3.83455304365399 "W" 6
-4.00293060827607 -2.65368768867226 "F" 6
-2.7571374938928 2.6889343836856 "Q" 6
4.38524694410695 1.90249383038449 "G" 6
5.54138148100554 2.62629019431675 "G" 6
4.15337097608602 1.75576756776565 "G" 6
5.59995543867539 3.28001029431705 "G" 6
4.31697735275332 1.77362071894663 "G" 6
3.35919520417356 -1.92020717583535 "W" 6
-4.52611486177954 -0.614299136419187 "F" 6
-1.69560625496277 2.54345368565963 "Q" 6
2.17255735091035 -2.58234868105074 "W" 6
3.83721619965024 -3.95662207803925 "W" 6
-2.17518511384128 5.32604127242086 "Q" 6
6.85675501416199 -0.421723843476995 "G" 6
2.13690290645603 -3.77572225157291 "W" 6
-0.60286154162432 3.87572839756487 "Q" 6
1.84068756958962 -2.37715373390361 "W" 6
3.00842275217239 -2.83471453831191 "W" 6
-1.91985263581603 2.83108114436958 "Q" 6
-2.3086748257589 0.751212361309546 "Q" 6
3.09812024305248 0.882233106076251 "W" 7
1.56571494765656 -1.3681948853756 "G" 7
-2.44258099495862 -2.97280785377625 "Q" 7
-2.1619098010616 1.7760806902305 "F" 7
2.95119081256713 -0.824786066162834 "W" 7
-2.90260202052372 2.69419262457696 "F" 7
3.52145670015423 1.32912870282135 "W" 7
-2.76733580068592 -1.12366532188674 "Q" 7
2.42566049260193 0.239381185539591 "W" 7
-3.32406414184335 -0.113145379859959 "Q" 7
-1.2602100934884 -2.57966772135152 "Q" 7
3.97147703482349 2.4385395753559 "W" 7
1.36962159979976 -1.07615562978471 "G" 7
-2.26907553347727 -0.606206455972618 "Q" 7
3.28092564604104 1.6087400656155 "W" 7
-1.02520598445553 0.402226146632936 "F" 7
3.02486143844259 2.60600267488726 "W" 7
2.06374897797067 -0.225875265555926 "W" 7
2.18815120603369 -2.47767372860615 "G" 7
-1.31760142095064 2.74963170036492 "F" 7
0.98062093667102 -0.813915477555402 "G" 7
2.81399577181911 -1.41583385851512 "G" 7
1.10579852202918 -2.75484939663667 "G" 7
-2.88967384128097 2.37424967458509 "F" 7
-1.83316741768697 2.63545866077157 "F" 7
-2.39987497230321 -1.43963478972701 "Q" 7
-1.86773991836052 1.66808754594018 "F" 7
-0.789072362113297 1.00941175364007 "F" 7
5.05267332074829 -0.922364295387024 "W" 7
-0.138189666861128 -2.71527658792193 "G" 7
3.77304527468117 1.55314592742938 "W" 7
-1.77589111685141 -2.63031324108337 "G" 7
4.27527582351554 1.75932380849644 "W" 7
1.59776604111437 -0.785890929570362 "G" 7
-3.17594171510033 1.11036075509227 "F" 7
-3.24650029685007 -0.30096481271916 "Q" 7
2.51047475031404 -1.15561272509277 "G" 7
-1.57823708518819 -2.55576798922876 "Q" 7
-3.06708334153709 -0.747711464679093 "Q" 7
-2.40272602605836 3.21181541144117 "F" 7
-2.09700589046858 2.368494157013 "F" 7
3.63012086844121 1.58513203944519 "W" 7
-0.326287885071898 2.4489275831481 "F" 7
-2.96138121965793 2.67157474219311 "F" 7
-1.67499987782999 -2.92396377619655 "Q" 7
-1.70556662039263 -1.76924479903147 "Q" 7
2.86435726906998 -0.752846898767895 "G" 7
1.57446332222029 -1.95899238731462 "G" 7
-4.27917592379126 1.36414538036596 "F" 7
-1.96042003091899 -3.47492217390323 "Q" 7
1.8987985413867 -3.26131532732401 "G" 8
0.209536679204851 0.881004452809076 "W" 8
8.04153696245661 2.50503507013648 "Q" 8
0.229230440446238 1.00442953557552 "W" 8
-6.65790665336643 0.158136020489765 "F" 8
-9.24378005919936 0.710529902974065 "F" 8
8.06808446544089 1.23028490203365 "Q" 8
1.49246255681098 -5.58075881480258 "G" 8
1.31434968239226 0.0350883307792277 "W" 8
0.0334912179407044 1.32096244650217 "W" 8
-9.45480396689258 0.670298390351415 "F" 8
-9.5146056292589 1.07633020312135 "F" 8
8.81902420152845 0.578830406237587 "Q" 8
-9.75706323379672 1.38949494678228 "F" 8
-7.98257396832566 1.12800761219037 "F" 8
-7.91587945675014 1.31676133090103 "F" 8
-8.78871378922667 0.523457981593825 "F" 8
10.4281209228123 3.20058922895736 "Q" 8
7.62376808798112 2.92584708139957 "Q" 8
1.46712300011566 -3.92974692663312 "G" 8
-0.838670233179264 2.076869752125 "W" 8
8.22104077303988 3.46519409546284 "Q" 8
-0.605064872273208 0.190406742576259 "W" 8
-0.526177530788908 1.41755651953828 "W" 8
9.07589216607199 3.14753118987249 "Q" 8
7.66254068442779 2.34784508235325 "Q" 8
-9.71285807259471 0.992574162154777 "F" 8
-0.591921953105636 0.988152567938418 "W" 8
3.38846766340204 -3.05036915609583 "G" 8
3.23613227803457 -4.66789559033953 "G" 8
-7.61755698843027 1.08517924327697 "F" 8
1.61418729879384 -3.00850732157565 "G" 8
6.74818240330219 1.77770624314422 "Q" 8
-0.718870951256363 0.446803879343422 "W" 8
10.0772725624789 1.1238918314198 "Q" 8
-0.453199207490963 -0.695587784485438 "W" 8
1.81101743549465 -5.95219206072559 "G" 8
1.07178819203986 -6.30544544111994 "G" 8
8.39878142094225 1.11738883535709 "Q" 8
-1.66560570093488 2.63002994885472 "W" 8
-8.78935556407031 0.0857060051786264 "F" 8
1.79756930583335 -3.76412404864289 "G" 8
9.02664394042483 1.12784585627955 "Q" 8
-7.62224825905344 2.38361746854739 "F" 8
-7.20944765600255 -0.390016620633868 "F" 8
0.94655020086689 -3.23187628488342 "G" 8
-3.10191347298403 0.705978282444353 "W" 8
1.00092420319126 -3.91010678301592 "G" 8
-7.84753747117633 2.02729562269576 "F" 8
2.91323740329641 -2.04471901112028 "G" 8
1.30360730055841 2.63039543270719 "Q" 9
-3.07140284754698 1.40415521038662 "F" 9
-1.87148299615888 1.58553125814987 "F" 9
3.86659713288938 -1.22043060633307 "G" 9
1.38163600681777 2.3794589608768 "Q" 9
-1.84710070795118 -2.4990752575977 "W" 9
4.26008981220187 2.28555346427911 "Q" 9
-2.60846470388544 -2.79674883594482 "W" 9
1.50878481303957 3.97140931907359 "Q" 9
0.130451063838286 2.04123802761346 "Q" 9
-3.86260357604409 -0.714417901927506 "W" 9
1.9712770308454 2.25771272401817 "Q" 9
-1.91967971402755 -2.51055789741889 "W" 9
-2.26472824727603 -0.0126889636369298 "F" 9
3.91532455127631 -3.72629661569078 "G" 9
-2.71798537872049 3.56449272377061 "F" 9
3.06542543931064 1.69299937247505 "Q" 9
0.819530279002281 2.33565557262246 "Q" 9
-1.84026246728805 1.37714553900904 "F" 9
-2.37262410497973 1.13299565111724 "F" 9
-4.45533539633123 -3.27261752395147 "W" 9
4.04881432729985 -1.57998004044761 "G" 9
-2.74461183363511 -1.63800618857347 "W" 9
-4.10140887208316 -1.41224547160588 "W" 9
2.93643687327418 -1.47612939575756 "G" 9
1.52802419272617 3.2335903362095 "Q" 9
-2.34690364396716 1.25885602440946 "W" 9
3.86380383956892 -1.53223453002051 "G" 9
1.97531271463473 -2.01362957515166 "G" 9
-3.91426631953185 -2.94798822025132 "W" 9
2.47049526815348 -2.0405417067094 "G" 9
5.19042107612098 -3.61021661350758 "G" 9
-0.521455849383159 1.24326222931064 "F" 9
-1.47289258003537 0.202228375764267 "F" 9
4.14182097917632 -1.77951645978 "G" 9
-2.43068484593655 1.10278265796278 "F" 9
2.66611658918388 3.95300434879811 "Q" 9
-3.12055056621341 -2.12740446614834 "W" 9
2.55634922077895 1.1764276267216 "Q" 9
-1.10980422176806 0.74139562157542 "F" 9
-2.71139352470751 -2.62649555889337 "W" 9
-3.34884181911896 1.41065015505607 "F" 9
3.90856154779107 -0.660704481673417 "G" 9
0.832357431409876 1.77086282375945 "Q" 9
-3.24778140675821 -2.1105752685544 "W" 9
3.94304370024004 -2.36324527013827 "G" 9
6.42971040028188 -0.847151092465097 "G" 9
-2.90718341636931 2.04039389943778 "F" 9
-3.02371248887413 -0.0756454718687408 "F" 9
-2.88083006182864 0.802346058943551 "F" 9
-1.34400127500821 3.6454082673055 "W" 10
-2.62336772186385 -3.9041243904234 "Q" 10
-0.702169211047153 2.95324416062164 "W" 10
-1.48457833465668 -4.63135380730529 "Q" 10
-2.80984011419304 3.59658561068303 "W" 10
-1.48364563326952 -4.62935842009243 "Q" 10
-1.0175136391793 2.20342805060413 "W" 10
-1.31393711279779 -5.60823711509831 "Q" 10
-2.88377498370885 1.51699629118651 "F" 10
-1.1719992233793 -2.21246151499732 "Q" 10
-0.332371279078198 0.523842316496969 "F" 10
-2.66452865746011 0.926704636126692 "F" 10
-1.17737186425141 1.35440166873506 "W" 10
-0.852553138139949 1.60080825523792 "W" 10
-1.2885682322688 -4.16440030992096 "Q" 10
-0.280441266423416 3.46903294957605 "W" 10
5.68211629933806 0.490425400186593 "G" 10
3.18860212228703 -0.0337885717587463 "G" 10
-0.653987942826241 -3.4560902007778 "Q" 10
-1.42253471643132 -3.68148368511422 "Q" 10
-2.94520488842918 1.90960427123491 "F" 10
-0.0618824637799627 3.75533457071664 "W" 10
5.70818741591304 0.770950785337958 "G" 10
5.67741724399799 0.472021706162252 "G" 10
-2.1052458987889 1.20556154991618 "F" 10
5.52779198748875 -2.00471309108639 "G" 10
0.543658744229796 -3.79593342754328 "Q" 10
-1.25843402227012 -3.33410360114898 "Q" 10
-1.72825148796251 1.1185605143696 "W" 10
4.47429317056619 1.14904860046581 "G" 10
-2.85878519757677 -0.536468118821553 "F" 10
-3.7662016150479 -3.34642577270863 "Q" 10
-0.439731951047918 1.02537753818251 "F" 10
3.4109290346724 1.54171812798783 "G" 10
-2.0840917536979 1.77303225606006 "F" 10
-1.66556169724208 1.91979771913909 "F" 10
-1.5196086212092 0.86737817602391 "F" 10
-1.47232652161592 -4.42143647081524 "Q" 10
4.69557293138615 0.318945939163008 "G" 10
-2.48389426686548 2.24819777124656 "W" 10
-2.49032062599045 2.21160184385263 "F" 10
5.33189978058318 -0.478135168584233 "G" 10
7.17111889323628 -0.28129875417062 "G" 10
-3.55417565501388 -0.83519345107952 "F" 10
-1.44802087002522 0.18726930419916 "F" 10
-0.251583125768656 2.22332107252383 "W" 10
-1.55120936492766 2.40802084394444 "F" 10
-0.688291187567752 4.20912782132311 "W" 10
3.55712309600995 -0.187017956536814 "G" 10
4.91129484110178 -2.05372419062576 "G" 10
2.88737289263045 -1.02695357026252 "G" 11
1.18109625429053 -3.48096541818616 "G" 11
3.07813912510812 -2.93043755908372 "Q" 11
2.72254087509842 5.41794136755473 "W" 11
-4.57302727913925 -1.3126806623703 "F" 11
2.45409517513355 5.48581816891776 "W" 11
3.23561985068671 -2.89977284048417 "Q" 11
-6.56518034744006 0.75332761957633 "F" 11
2.13913974394558 -1.76048250249142 "G" 11
3.8844293001241 -3.82107247734659 "Q" 11
2.31150152638887 -1.91392242204837 "Q" 11
1.18811573833892 -2.25344345416996 "G" 11
-0.0354853158289409 -1.44757065645945 "G" 11
-6.54209742963147 1.11770728668736 "F" 11
-4.54571281346925 0.805971670298044 "F" 11
0.614852061663971 -2.04333577347276 "G" 11
-5.21893519950485 0.285743722106142 "F" 11
-4.5934462692562 -0.532148243623292 "F" 11
-4.90618134688669 0.243602318987233 "F" 11
2.03135561483388 4.17258729573932 "W" 11
3.36229208393913 5.06502492029311 "W" 11
1.84212363439741 -3.20672575426868 "Q" 11
1.49597799920233 -2.19189942057138 "G" 11
-4.96268992456395 0.6885348309728 "F" 11
-6.39452724053778 0.26055339460544 "F" 11
3.13755863041717 -2.18374714186868 "Q" 11
-5.91676553623704 1.76171868812425 "F" 11
1.79315095380882 3.54560036405839 "W" 11
2.11428191011828 -2.75908269592237 "Q" 11
4.19095085005307 4.88336217334687 "W" 11
0.394281228893418 -1.16536771849144 "G" 11
5.94685914967163 -3.28165676497838 "Q" 11
0.153422416728293 -0.680242497927687 "G" 11
-5.85435733764746 -3.63188861356475 "F" 11
2.46995777176641 -1.78321313118231 "G" 11
3.17488469878558 5.39265981574538 "W" 11
0.541981901007272 5.01822943197392 "W" 11
2.04672084440587 3.96124983305453 "W" 11
2.3891323223183 -5.08813195394857 "Q" 11
1.71427740595394 4.68770371415916 "W" 11
2.37939377200098 3.65019937855227 "W" 11
-5.17081290617848 0.990147124022353 "F" 11
-0.0354391929819698 -1.99808271729551 "G" 11
2.22059110265017 6.01524108004978 "W" 11
0.0361552671664137 -1.77611043261568 "G" 11
2.8016495788454 -1.94360980480461 "Q" 11
1.66063864958776 -4.69943171973001 "Q" 11
-4.87569167474547 0.562014919339604 "F" 11
-4.54522035065 -0.21331365574142 "F" 11
1.14102983473773 -2.7396495152545 "Q" 11
-7.02646609310813 -1.27281380951115 "G" 12
4.11600083895146 -2.12285631700733 "W" 12
-0.790061095255838 1.87170522898238 "F" 12
1.86763359117022 1.89913496038665 "Q" 12
-0.936446892214003 1.10050442818583 "F" 12
2.71697343813388 2.48902528189228 "Q" 12
3.13311315565 -3.46689707874418 "W" 12
4.76332698610452 -3.46219603100602 "W" 12
-6.08765801944588 -3.26073800692086 "G" 12
1.26123876411633 1.77871986650754 "F" 12
2.44857380876386 0.632065219026177 "Q" 12
4.01321289594153 -2.49842303186673 "W" 12
1.38548146121888 1.59815257128744 "Q" 12
-7.3403491800212 -1.36288733881294 "G" 12
-7.12276936896302 -2.42778318069736 "G" 12
2.8617672476426 1.64657755646321 "Q" 12
-0.897685924469922 2.08413647672793 "F" 12
0.304496253223826 2.55737820743498 "F" 12
-1.72119762174382 2.51658662857821 "F" 12
2.8231658802333 3.56721466570534 "Q" 12
4.88338406462169 -1.8966967182245 "W" 12
-4.87296138208201 -1.06091073318873 "G" 12
-5.90100008433481 -2.45508820853086 "G" 12
5.13134662583176 -3.35268006223707 "W" 12
0.311911163896534 2.14935228531134 "F" 12
-0.214234761103165 2.23798292331486 "Q" 12
3.50827227179782 1.38508320207132 "Q" 12
-5.14081402653533 -2.02350743782505 "G" 12
-6.01345031203212 -2.00437644731802 "G" 12
3.07662746456042 2.28725845223201 "Q" 12
-0.350597548545682 1.26593510534672 "F" 12
-6.3264745168918 0.459700857602225 "G" 12
4.44370247289587 1.34147309682957 "Q" 12
3.47971815804547 -0.371049601731363 "W" 12
1.81648536634816 0.375887824989405 "Q" 12
-1.7920109703422 0.916741767072764 "F" 12
-5.23390564270063 -2.31118827239789 "G" 12
-1.53216817692945 1.3374936264437 "F" 12
0.0969009694197741 2.23733082234272 "F" 12
-7.10590540243017 1.30869098391651 "G" 12
5.12834606191351 -3.15895963663032 "W" 12
1.92668469503007 2.77943120832102 "Q" 12
-1.90773896400323 0.531886828924345 "F" 12
-1.05322693373039 2.80345031144395 "F" 12
-1.54111796058183 0.333763993872872 "F" 12
3.98582051148628 -2.41620479012027 "W" 12
-6.30228843501812 -0.0371111632783013 "G" 12
5.12088290983301 -2.69028931188124 "W" 12
5.86089452203987 -2.49643603863455 "W" 12
6.74456773361237 -1.34357116464852 "W" 12
-4.77748475378133 -0.616830767236615 "Q" 13
-4.48338772565425 -0.979934893900883 "Q" 13
0.667055380009254 -3.59092643479699 "G" 13
-0.356873641694764 -3.11792606765909 "G" 13
-2.76312549820613 -0.856314233540419 "Q" 13
-0.815931407581449 2.99443882255314 "F" 13
-2.05787637614751 -0.911961857378367 "Q" 13
-1.07137042654533 3.83111939391258 "F" 13
-1.49504219827373 -3.60894017010406 "G" 13
2.50343263408241 0.0315508960070785 "W" 13
-3.55589991879779 -1.25610800760791 "Q" 13
5.97418843550783 0.00516085172770744 "W" 13
0.416224831300715 -2.87266737429951 "G" 13
-3.19167863749564 0.221193304130544 "Q" 13
5.0649504785034 1.22327001024695 "W" 13
6.07989610390294 0.164035961063733 "W" 13
5.13093472527742 0.22625810591312 "W" 13
-1.97613831884968 3.97030059868627 "F" 13
-3.12317941516791 -1.50488133942463 "Q" 13
-3.19113573391613 -0.933272021399138 "Q" 13
-5.27360472348215 -1.00263677626143 "Q" 13
-1.41228637876588 -3.26474860843446 "G" 13
-1.40270368285001 2.2146670328994 "F" 13
4.33285971595006 -0.514549120198334 "W" 13
-2.26320955668274 3.85657219871099 "F" 13
0.499497054091036 -2.89889340715496 "G" 13
-2.46112055408272 1.41660420531875 "F" 13
6.9921868748635 -0.800643114623453 "W" 13
0.429333837764576 -0.86974376200206 "G" 13
-2.61414672471891 3.39293716595832 "F" 13
4.57009257457253 1.29769214481619 "W" 13
3.82374006963781 -1.02745785249738 "W" 13
-0.356028546321014 2.62614523116565 "F" 13
-0.263045519592763 2.48150348180649 "F" 13
-1.08426408750758 3.39907120733846 "F" 13
4.55811130664907 -0.286649343509846 "W" 13
-0.345823726900603 -3.70210691454105 "G" 13
0.952404609869539 2.23880161411805 "F" 13
-3.06984591643495 -1.53438491274793 "Q" 13
6.219177729922 0.480061819066891 "W" 13
-2.55499345506598 -2.0476469912092 "Q" 13
4.72326585620371 0.661043284199348 "W" 13
-0.364419674616652 3.84242888151501 "F" 13
-4.00542437930589 1.47157627647535 "Q" 13
0.912868511915139 -1.83941351329697 "G" 13
-1.33150403830328 4.75647739030748 "F" 13
-0.895472231645622 0.822346616063421 "F" 13
-1.13262682272 -4.32469590015367 "G" 13
-0.0546446358259541 -2.97610737627889 "G" 13
-0.105932023088762 -0.285815733743729 "G" 13
-0.793999603965599 -3.23657564599642 "F" 14
2.68039429197853 -0.277907455175782 "W" 14
5.8639652168426 2.17133992958274 "W" 14
4.2200311012073 0.816218904472752 "W" 14
5.33875937379945 1.22444418012001 "W" 14
0.111644177111087 -3.52306734634329 "F" 14
-3.67821201629538 0.756498636899382 "Q" 14
-0.257555578746032 -3.65898632968891 "F" 14
-5.50189549632833 1.98772240594901 "Q" 14
4.02836469559139 0.971495052623794 "W" 14
0.0209943784268123 -2.3213678003373 "F" 14
-1.23448607587924 -3.22600352258007 "F" 14
5.41164779476825 0.244433503729874 "W" 14
-5.21606957206232 2.19032297648366 "Q" 14
-4.63950412948207 0.614980689545139 "Q" 14
2.04993877465198 0.125433797710606 "G" 14
-4.65021746403773 0.633187640718503 "Q" 14
-1.63164629669844 -1.9270558587651 "F" 14
2.84549162756371 -0.337903263956952 "G" 14
4.10916757661239 0.711436471087324 "W" 14
0.594098080911716 0.732864953030811 "G" 14
-6.62514608826572 2.11873053907786 "Q" 14
2.75175134697371 0.972707870501551 "G" 14
-1.30238213744731 -2.71081868189395 "F" 14
-2.12957867469571 -2.50766002405617 "F" 14
1.623715753584 1.3284833763365 "G" 14
2.59325628356082 1.73760136865588 "G" 14
-0.891379330816664 -2.66793531110911 "F" 14
-1.70687697466691 -1.75511186954942 "F" 14
-5.86714919508726 1.69206824312553 "Q" 14
3.73378267704455 3.18980493426727 "W" 14
-1.07774499391476 -2.23486148903866 "F" 14
2.17176825591126 -1.70193638998778 "F" 14
-0.402523152908668 -2.23944459250555 "G" 14
3.3604347875279 -0.411938246987441 "G" 14
5.17455073169411 -0.413901009153002 "W" 14
-1.00941971621332 -3.63135500465338 "F" 14
-5.21631809343558 2.68058616927983 "Q" 14
5.12823445902823 1.65663595117531 "W" 14
3.29807266642224 1.51951337958651 "W" 14
2.41016753656924 0.0741510527504654 "G" 14
1.38080312216429 1.10941459422537 "G" 14
-5.74547703876073 0.437231139028326 "Q" 14
-1.70838128600572 -2.9614391849185 "F" 14
-4.73106884584195 -0.191648790921534 "Q" 14
1.78371416766294 0.571342532884184 "G" 14
-6.81921793763106 2.26214716427898 "Q" 14
1.72287731744864 1.34094240823368 "G" 14
-5.43440219364746 3.91730885719335 "Q" 14
3.8630256977767 2.14786909506413 "W" 14
-1.35893037384197 -0.737114525477144 "G" 15
-3.31791060649978 1.09116274619329 "F" 15
-4.6737598814613 2.27562867850435 "F" 15
4.1507742957115 1.54249646640614 "W" 15
-5.12028311419005 0.494886353822104 "F" 15
-4.40446558396492 2.4601533864117 "F" 15
0.426698700692317 -4.94516824134961 "Q" 15
5.74807187073334 2.23150891265711 "W" 15
0.203414900707258 -3.84267797566097 "Q" 15
1.31218709816564 -2.17986550569881 "Q" 15
4.55196689815892 2.94409053162205 "W" 15
0.384392374477876 -0.928637108637127 "G" 15
1.71739437126147 -4.95064818577526 "Q" 15
-2.47512192283158 1.41949950156887 "F" 15
4.21191812849496 1.30876548322225 "W" 15
-3.54980735550041 -1.47960009479516 "G" 15
-4.12533830263564 1.85937752035415 "F" 15
1.32238421315746 -3.67578721966721 "Q" 15
-2.35779182560797 -0.838229311361149 "G" 15
4.25303669705923 2.26053463000393 "W" 15
0.388023838491892 -0.270347309302609 "G" 15
0.552442009544053 -2.47302086144402 "Q" 15
4.14431912933651 3.39700821980572 "W" 15
-1.11814426716559 0.0105203164617485 "G" 15
-0.76323847897101 -0.326754419804478 "G" 15
-1.7919185082535 1.16384602901099 "F" 15
-0.847564858831259 -1.13329973855214 "Q" 15
-2.66121444162932 -0.381234664605092 "G" 15
4.79035885622564 0.795483335317663 "W" 15
4.41825408906543 2.51296668239459 "W" 15
-2.23819428289718 1.65619037035783 "F" 15
-3.45166423201057 3.79239152034895 "F" 15
0.217965805748677 -1.54534246779186 "Q" 15
-0.055752161016852 -1.87421283853643 "G" 15
3.16510858716893 1.36151739648129 "W" 15
-3.51801106080868 1.69963274980204 "F" 15
-3.76896358882782 2.55356396659976 "F" 15
-0.896556180538846 -0.899497099295435 "G" 15
0.132557697005879 -0.542068814142765 "G" 15
6.07402637497905 2.22400343493361 "W" 15
4.23719006312786 2.39314769360886 "W" 15
-0.254139561995231 -0.915732862585158 "G" 15
-5.10756257712365 0.57881802343812 "F" 15
-2.58521028423225 0.379030361075079 "F" 15
3.46057797548226 -0.209335452946763 "W" 15
1.2981059786075 -4.04168503517196 "Q" 15
1.45362084632565 -1.28802502693536 "Q" 15
0.944573857871527 -2.16504123333413 "Q" 15
1.27067410648233 -3.52470992718259 "Q" 15
-4.38849531324773 0.761811609650942 "F" 15
3.00945358473143 -2.46991536653472 "Q" 16
3.75815238544175 4.53771190711946 "G" 16
4.46234468360802 6.19359083261871 "G" 16
-8.98793282639511 -1.24512885994665 "F" 16
2.86330443859068 4.50926473179083 "G" 16
4.23415693914361 5.88019215730488 "G" 16
2.8821732652851 -3.5660115510901 "Q" 16
2.15357185656558 -2.54989299701405 "Q" 16
3.50958005620252 3.8347422189427 "G" 16
3.27699215890691 -2.45533352943426 "W" 16
3.75492239860213 -2.32322535819445 "Q" 16
4.00599115300148 6.04077038512513 "G" 16
4.01487536279898 -4.88044001374696 "W" 16
1.87440145734066 -1.65380935725046 "Q" 16
-10.3484998307621 -0.755945163345594 "F" 16
5.57156990378888 -3.86535650762635 "W" 16
1.93827175206465 -2.71118639028039 "Q" 16
1.25673022342658 -2.28205899038719 "Q" 16
3.94247520975869 -2.2408852439141 "Q" 16
4.71825520552247 -2.25298402705114 "W" 16
3.76503139293893 6.17002510911976 "G" 16
4.74581403772011 -1.89486741887734 "W" 16
3.22251972855126 -2.58762256042258 "Q" 16
5.40455064543359 -3.5821660107151 "W" 16
2.48124594753146 -1.76437543508497 "Q" 16
-8.61424171958003 -0.838279085323745 "F" 16
-6.60383180000116 -0.0391178017585486 "F" 16
-9.10308807029158 1.5498430392993 "F" 16
3.37367535897139 -2.79509119585522 "W" 16
3.96900377757308 -4.06745303797791 "W" 16
-10.7251294282602 -0.143891863488781 "F" 16
-9.01987313304303 0.531810309004589 "F" 16
-9.34760749708805 2.4246925821457 "F" 16
-9.44718063866483 -0.425029199975722 "F" 16
4.13913646136392 3.58243980466593 "G" 16
-9.64287374453625 -1.5550083794235 "F" 16
3.5055700074731 6.10654276922675 "G" 16
5.33133161875192 -3.04838066568288 "W" 16
1.09083893047457 -1.21065444193587 "Q" 16
2.81743043150612 -1.34483774020885 "Q" 16
-9.37734550142539 0.339380775287457 "F" 16
4.13498710223044 5.57855768293711 "G" 16
-8.72237751154045 -1.40221190655986 "F" 16
2.72111500801932 -3.27853202404793 "W" 16
3.00959855118737 3.76018927107266 "G" 16
4.53843314283157 6.07224369836815 "G" 16
6.91646164567413 -1.92344296876756 "W" 16
-8.26734638622199 0.729664253501346 "F" 16
3.30582237472135 -2.4294740290463 "W" 16
-11.4924601099236 1.74094759343852 "F" 16
-3.69386411922457 -0.99924536898884 "F" 17
-1.82994972389045 5.25831313729791 "Q" 17
-3.39353961478514 -0.965030990374058 "F" 17
1.95386890879381 0.86721681991214 "W" 17
1.62029087579086 -0.178797423933374 "W" 17
3.51121293526756 -0.130163516555863 "W" 17
-3.13257031196837 0.542091428239242 "F" 17
0.890514856208179 4.18610078255086 "Q" 17
1.68055438866155 0.251079772689724 "W" 17
-0.771671708613063 1.26423609813015 "Q" 17
3.74786949560532 -2.53344784112087 "G" 17
3.32657515308637 -1.0424165038904 "W" 17
2.3205165341193 -1.45735467779879 "G" 17
1.75510382941547 3.26224244899641 "Q" 17
-4.26038010035565 -1.5078348846927 "F" 17
-5.45452971538206 0.433836079408829 "F" 17
-4.24529161423055 -1.54756540388048 "F" 17
-0.655988717228861 3.81747963739112 "Q" 17
3.57629511289683 -1.73530336257631 "G" 17
-0.218548868727361 4.12584146316466 "Q" 17
2.4638130767704 -1.60677967597214 "W" 17
1.82673160543765 -3.71775173641981 "G" 17
-4.51717721853181 -0.694266231496186 "F" 17
2.89045095139685 -0.246914479679251 "W" 17
1.91862905905519 -1.52797456506006 "W" 17
-3.15512588172541 -0.121914039150823 "F" 17
-3.61213201999729 0.780464734490972 "F" 17
1.64393239522002 -3.27422939905039 "G" 17
-0.233243954111141 3.70840915908365 "Q" 17
1.88808896916764 -0.584342953328518 "W" 17
-5.28984637888365 -2.27017683865866 "F" 17
3.82773234697086 -0.0279952642398923 "W" 17
3.21036303799765 2.61852037869781 "Q" 17
-0.242228677543266 -1.34625559717947 "G" 17
2.22687184008181 -1.05732644253585 "G" 17
0.129363844825104 4.57704516957327 "Q" 17
1.85018642124458 -1.37622875824806 "W" 17
0.742210073090499 4.59479549042247 "Q" 17
-4.98982510472135 -3.35170724642147 "F" 17
2.317815546396 -1.8184586954633 "G" 17
2.26202043274035 -0.546620038830213 "W" 17
2.8321818893514 -2.52443965683416 "G" 17
1.56277792302826 -1.25286575329135 "G" 17
2.02913417867722 -3.41639906424575 "G" 17
1.37077776219167 -1.54094867249353 "G" 17
-3.4440563842408 -1.0450627086287 "F" 17
-4.5687443242745 -0.297386014602488 "F" 17
1.17231202938973 4.33368216062605 "Q" 17
-4.35649011059855 -2.20153396068069 "F" 17
-0.48299092384418 3.32338300564726 "Q" 17
6.85717218456503 0.310859025020021 "Q" 18
0.738301109130128 -1.15746459485675 "G" 18
7.32008746867179 1.40237720380674 "Q" 18
-5.55528916795985 1.90004047260205 "W" 18
0.900708302311681 -1.01795687239473 "G" 18
-3.82576018369576 3.49092680998622 "W" 18
3.20286465705002 -0.315132196659429 "G" 18
-1.56898423589624 -1.89107976296018 "F" 18
-4.25180341533832 1.6186468539163 "W" 18
6.42002804225266 0.126597277094149 "Q" 18
-6.19116428715568 1.77815259189304 "W" 18
6.31653001792024 2.42808124377777 "Q" 18
8.93224085013469 2.47587898249162 "Q" 18
-2.70289966683721 -1.16067588326509 "F" 18
-4.9049151130917 2.41683050191483 "W" 18
6.63043673358607 -0.264033037459663 "Q" 18
8.70402468071567 1.71336339619884 "Q" 18
-5.67565304538027 3.55298256895612 "W" 18
-5.39605227665688 2.28315472933691 "W" 18
-3.30043802522312 -2.3313941805419 "F" 18
0.377903037317222 -1.18813917003739 "G" 18
-5.68987461740531 2.36382838130575 "W" 18
7.96669160764044 0.712997501045658 "Q" 18
0.989652039156198 -2.60859513953101 "G" 18
5.78949651490714 0.801406072044362 "Q" 18
0.0509898275561899 -0.765640717654398 "G" 18
-4.02470877152342 0.0561387615704128 "W" 18
5.23353634070374 1.33621495444723 "Q" 18
4.62561928961873 1.63672327700607 "Q" 18
-1.74696753593271 -3.5553612180487 "F" 18
0.061418848586674 -0.935293286504313 "G" 18
3.10400108897401 -1.21968624020894 "G" 18
-0.925485334882779 -2.06911490778421 "F" 18
-2.75499137064559 -0.723683527827026 "F" 18
-1.82910632205856 -4.38747252808067 "F" 18
-4.50560630341406 2.31285440394861 "W" 18
-1.927598190931 -2.27966618269824 "F" 18
-3.81318533432251 -1.90607651746911 "F" 18
-2.48957727086375 -0.460793915561015 "F" 18
1.66554267826419 0.920844715867328 "G" 18
-5.48307161320808 3.67619658001808 "W" 18
-5.93472321300254 2.69938092439395 "W" 18
6.10178198735648 0.142162946179039 "Q" 18
0.533702066454241 0.172662620757041 "G" 18
-1.94535120149264 -2.99115609884586 "F" 18
-3.26433369043266 -3.07061415303809 "F" 18
1.63898249700872 -0.785356200608982 "G" 18
0.718124567473319 -2.40929711764338 "G" 18
-2.57283490469229 -1.59683746505418 "F" 18
-2.59946134531225 -1.23878188084494 "F" 18
7.42443244721407 1.4121471586832 "Q" 19
-4.26255764219879 0.882976799096511 "F" 19
-2.19193722991711 -3.01879897635456 "G" 19
-3.93109577657383 2.04936662502301 "F" 19
-3.33317409621902 0.908786505221754 "F" 19
-4.73091220720778 3.27219482944104 "F" 19
-3.1820309667778 3.61850159402046 "F" 19
6.38777168239548 0.0154708525487953 "Q" 19
-3.24013787776724 -5.35895914246994 "G" 19
1.32186972840769 1.24621151756422 "W" 19
-2.70660153620105 2.71595547174489 "F" 19
1.48518153976589 0.513642760957547 "W" 19
5.98006826251009 -0.624726140189694 "Q" 19
-1.18671825676245 -3.19397987012208 "G" 19
-0.744229914654218 -2.68960783837063 "G" 19
-3.10429307715694 -3.48761686124509 "G" 19
-2.13359975633727 -2.8762250507833 "G" 19
5.38393389400275 -1.42890618876909 "Q" 19
-1.29289908670005 -2.05424903851627 "G" 19
0.376245777680601 2.03231846199565 "W" 19
0.913176872439298 0.758773108857416 "W" 19
-0.566775060691499 2.33501089297033 "W" 19
-4.57380149118281 2.17160702349206 "F" 19
-2.57464243211591 -4.34758072615444 "G" 19
-2.99141537197277 -4.7170583560951 "G" 19
-1.87589770865559 1.37275061138217 "F" 19
4.65975884325236 1.21400478526527 "Q" 19
0.37140334323862 0.640583637445066 "W" 19
-3.53143900020043 1.94610361593359 "F" 19
-4.29784014190938 2.15903966466991 "F" 19
-3.82192226139047 0.336286455504001 "F" 19
-1.02326614255053 2.06641413025437 "W" 19
-2.68093140202822 -1.70634475256964 "G" 19
-0.476633913461894 -0.847649028310968 "W" 19
7.39804877591917 -0.207341246260102 "Q" 19
1.84495428109908 0.57160728990068 "W" 19
-0.899953110792838 0.393754530206997 "W" 19
1.6600107905998 -0.526582673877413 "W" 19
-3.76483865927307 1.24375588398206 "F" 19
-4.38164423597078 -3.44141382614645 "G" 19
6.36607251888553 -0.552948490909046 "Q" 19
-3.30762153205191 2.54335807909979 "F" 19
7.59948142505354 -0.462885130525445 "Q" 19
6.58304137409229 -0.278852795935748 "Q" 19
-3.2258359026749 2.48465624411923 "F" 19
-1.37554543751807 -2.3471858901211 "G" 19
4.42214725441175 -0.111144046812598 "Q" 19
0.886389133711384 1.78441302457479 "W" 19
6.06599280574613 -0.295561301467084 "Q" 19
4.28021047848911 1.88592581805101 "Q" 19
0.175920161942177 -2.66141381473822 "F" 20
0.789817429147559 -1.98937061323173 "F" 20
-3.99883173720149 3.28108637901016 "Q" 20
0.679942222437345 -2.68856896978854 "F" 20
-2.0545304328286 -1.69909070018335 "W" 20
-0.325171457243793 -3.14624398236323 "F" 20
5.22242489156727 2.46256047982193 "G" 20
4.7466148126681 1.97641384102626 "G" 20
0.3403055457522 -2.05454370543419 "F" 20
-0.825626018263254 -2.17200787396727 "W" 20
-1.23627318240014 -3.2881785390201 "F" 20
-2.84689414861105 -0.930417357045304 "W" 20
-1.0279206706166 -1.93755330527635 "F" 20
3.86580936343887 1.53147482094215 "G" 20
-3.22091817026084 3.9113438183188 "Q" 20
-1.82828707867306 2.40992449345143 "Q" 20
-3.2600273892084 4.10820459709822 "Q" 20
5.08987986142088 1.63055397298958 "G" 20
6.61838492780029 1.46133972711782 "G" 20
-2.76159115823142 2.41449154924143 "Q" 20
-1.51472536172441 -0.988842858544006 "W" 20
-2.2814091528882 2.10404656697804 "Q" 20
-3.25231857401302 4.06079586235575 "Q" 20
-1.02076368615924 -1.09840454781853 "W" 20
5.76912714762687 0.905217544619328 "G" 20
-2.3635538913658 -0.804444212665369 "F" 20
-1.444527061786 3.83284744934219 "Q" 20
-3.76034372566206 1.69532205967293 "Q" 20
4.48197936292083 -0.312019190414862 "G" 20
-0.544561787226762 -1.21804247498982 "W" 20
-5.30239702333396 4.15816588415342 "Q" 20
0.473629261162862 -1.54584517723032 "F" 20
-2.04914828660016 -4.85844536171419 "F" 20
-0.407514121660831 -0.516755325193022 "W" 20
-0.881882692936023 -0.992255253720309 "W" 20
-1.2896068699985 0.0413821222580195 "W" 20
5.52100590463487 0.830482189271621 "G" 20
-3.37213859174694 -1.44654123247474 "W" 20
3.67854716381883 1.36209087728412 "G" 20
-3.27556153292242 3.51541586843751 "Q" 20
-0.604378305832001 -3.41023493852922 "F" 20
-0.56992054551439 -2.38519269498116 "F" 20
6.32612916425906 1.54599371498303 "G" 20
-4.81889235744002 3.4410780425326 "Q" 20
-1.15058071108779 -2.42282998467228 "W" 20
-0.341256576638634 -3.33926863887584 "F" 20
0.494570066169618 -2.79793592765038 "F" 20
6.21483566161969 2.00103301282462 "G" 20
4.338793117888 1.26404047517275 "G" 20
-1.19616376619956 -5.24085866838144 "W" 20
