"X1" "X2" "cl" "nbases" "wilks.lambda" ".sample"
-0.334499686962883 -1.6160822969398 "2" 80 0.000332531294627423 1
-0.0641512869286151 -1.91464517750935 "2" 80 0.000332531294627423 1
-0.360817864843086 -2.05761483116096 "2" 80 0.000332531294627423 1
1.41193327670318 0.745809778375584 "1" 80 0.000332531294627423 1
1.52262097531643 0.989632868903868 "1" 80 0.000332531294627423 1
-1.36987644721997 0.720472528218993 "3" 80 0.000332531294627423 1
-0.955067596861533 0.916658460723007 "3" 80 0.000332531294627423 1
1.45717911157754 0.823898549204149 "1" 80 0.000332531294627423 1
1.36341523455681 1.18985752997385 "1" 80 0.000332531294627423 1
-1.24270535921407 0.864546788448153 "3" 80 0.000332531294627423 1
-1.26844847186224 0.840802900336753 "3" 80 0.000332531294627423 1
1.41450032118712 1.0369349197948 "1" 80 0.000332531294627423 1
-0.47816896152588 -1.65842197255296 "2" 80 0.000332531294627423 1
1.4236196819299 1.1192869557076 "1" 80 0.000332531294627423 1
1.29354159471426 1.00482493722544 "1" 80 0.000332531294627423 1
-0.261414383047817 -1.72473115228331 "2" 80 0.000332531294627423 1
1.450219341634 1.00768987024735 "1" 80 0.000332531294627423 1
-1.23265102164807 0.9598795204536 "3" 80 0.000332531294627423 1
0.337523776545021 -1.68450821415362 "2" 80 0.000332531294627423 1
-1.38249101135711 0.430916494155492 "3" 80 0.000332531294627423 1
0.0293750026875879 -1.82729782212663 "2" 80 0.000332531294627423 1
1.2676620292728 0.778133103300902 "1" 80 0.000332531294627423 1
-1.1284090069217 1.01640357572411 "3" 80 0.000332531294627423 1
-0.110569966273345 -1.81737341917713 "2" 80 0.000332531294627423 1
1.50953008435986 1.00697612312996 "1" 80 0.000332531294627423 1
-1.17043661432584 0.798752121962697 "3" 80 0.000332531294627423 1
-0.270836889949349 -1.67205337846499 "2" 80 0.000332531294627423 1
-0.914571409752739 0.946992732170506 "3" 80 0.000332531294627423 1
-1.61845831222635 0.7892632066315 "3" 80 0.000332531294627423 1
-0.317546139563902 -2.01500470031958 "2" 80 0.000332531294627423 1
0.191975731379999 -1.96396162174909 "3" 102 0.000382154392140533 2
0.393390042822833 -1.84355227549712 "3" 102 0.000382154392140533 2
1.14586513604442 0.429927063279892 "2" 102 0.000382154392140533 2
1.74183021705084 0.365247454651796 "2" 102 0.000382154392140533 2
-0.160647317252787 -2.16574071460116 "3" 102 0.000382154392140533 2
0.0818467884374728 -1.85568960209901 "3" 102 0.000382154392140533 2
0.806386022865294 -1.84847466407686 "3" 102 0.000382154392140533 2
1.69835060452293 0.748335322249662 "2" 102 0.000382154392140533 2
-0.358430432703996 -2.10405042316299 "3" 102 0.000382154392140533 2
-1.27453325073166 1.5507021163486 "1" 102 0.000382154392140533 2
1.79994210172669 0.631894912038064 "2" 102 0.000382154392140533 2
-0.274045220323342 -2.19177028086599 "3" 102 0.000382154392140533 2
1.60935540311618 0.754937640707364 "2" 102 0.000382154392140533 2
-1.65838099170438 1.46939670615806 "1" 102 0.000382154392140533 2
1.40044223512323 0.49941637903351 "2" 102 0.000382154392140533 2
-1.29730650280109 1.33840711800346 "1" 102 0.000382154392140533 2
-1.57238220383393 1.30006002693988 "1" 102 0.000382154392140533 2
-1.52391816973833 1.57698937863308 "1" 102 0.000382154392140533 2
-0.00474671907184337 -1.69542536793886 "3" 102 0.000382154392140533 2
1.45292299976562 0.663932220648617 "2" 102 0.000382154392140533 2
-0.432459086342066 -2.10595004498017 "3" 102 0.000382154392140533 2
1.15744312357784 0.323047122516765 "2" 102 0.000382154392140533 2
-1.40686014210236 1.44949130141641 "1" 102 0.000382154392140533 2
-1.57284854824333 1.27516911577687 "1" 102 0.000382154392140533 2
-1.27077446365154 1.63609711581025 "1" 102 0.000382154392140533 2
1.31569877326421 0.643893436693305 "2" 102 0.000382154392140533 2
1.47511521517472 0.779270044077929 "2" 102 0.000382154392140533 2
-1.72695558757353 1.25659729983523 "1" 102 0.000382154392140533 2
0.116124836255176 -2.04115126139388 "3" 102 0.000382154392140533 2
-1.85240059505325 1.12295448154637 "1" 102 0.000382154392140533 2
1.47835226106702 0.441512416696339 "1" 123 0.000423561194159283 3
-0.93748392595761 1.00478109629618 "3" 123 0.000423561194159283 3
-0.970219079252188 -1.38090955002879 "2" 123 0.000423561194159283 3
1.4952120917757 0.43125344779299 "1" 123 0.000423561194159283 3
1.67750137767016 0.314678565512477 "1" 123 0.000423561194159283 3
-0.967734935095011 0.939751064700442 "3" 123 0.000423561194159283 3
-0.921357196395426 0.778460596964426 "3" 123 0.000423561194159283 3
-0.794804414809493 0.936567501019276 "3" 123 0.000423561194159283 3
1.78199239074272 0.742664116969174 "1" 123 0.000423561194159283 3
-1.00630110178863 1.1066666157981 "3" 123 0.000423561194159283 3
1.91676882224469 0.479395961723948 "1" 123 0.000423561194159283 3
-0.792315111927258 -1.53479067533227 "2" 123 0.000423561194159283 3
1.76225900961275 0.876666532324142 "1" 123 0.000423561194159283 3
-0.84740869126181 0.919200591169241 "3" 123 0.000423561194159283 3
-1.01118985341855 -1.24036979132482 "2" 123 0.000423561194159283 3
1.47138713926271 0.271750771453436 "1" 123 0.000423561194159283 3
-0.910963006343596 1.20679015270254 "3" 123 0.000423561194159283 3
-1.07812454269291 0.997213965596119 "3" 123 0.000423561194159283 3
1.94557322696763 0.403870259106488 "1" 123 0.000423561194159283 3
-0.675326038311778 1.11601751648805 "3" 123 0.000423561194159283 3
-0.789086107805081 -1.43980681697295 "2" 123 0.000423561194159283 3
-0.708175853960177 -1.40036250133901 "2" 123 0.000423561194159283 3
1.62634511547183 0.48875637975225 "1" 123 0.000423561194159283 3
-0.840430006375602 -1.87357399696835 "2" 123 0.000423561194159283 3
-0.635653986420647 -1.73831689508108 "2" 123 0.000423561194159283 3
-0.569526617801935 -1.6349075273109 "2" 123 0.000423561194159283 3
1.55564262634816 0.812314107975277 "1" 123 0.000423561194159283 3
-1.12528426493093 1.16883533187126 "3" 123 0.000423561194159283 3
-0.577984767668959 -1.80411161143698 "2" 123 0.000423561194159283 3
-0.551664558945793 -1.38999762611698 "2" 123 0.000423561194159283 3
-1.558439307147 -0.797230447869004 "3" 86 0.000427152370331424 4
1.29957026404363 -1.38575864841276 "2" 86 0.000427152370331424 4
0.445855776122914 1.76507796674576 "1" 86 0.000427152370331424 4
1.51606618283891 -0.95823483171878 "2" 86 0.000427152370331424 4
0.538364411290042 2.26955575730106 "1" 86 0.000427152370331424 4
0.411984641238293 1.7473971127755 "1" 86 0.000427152370331424 4
1.1297862784862 -0.959096527013221 "2" 86 0.000427152370331424 4
0.167595891793138 1.72169132886343 "1" 86 0.000427152370331424 4
0.638714011493212 1.74846343595061 "1" 86 0.000427152370331424 4
1.29420662589012 -1.17350813816899 "2" 86 0.000427152370331424 4
0.4984887202015 1.72741124178432 "1" 86 0.000427152370331424 4
1.18649573425384 -1.40472120928129 "2" 86 0.000427152370331424 4
0.591825620590504 2.06543031580758 "1" 86 0.000427152370331424 4
-1.75143388517815 -0.313723749785705 "3" 86 0.000427152370331424 4
1.46741474933441 -1.25989855251613 "2" 86 0.000427152370331424 4
-1.98089663768548 -0.683657295992793 "3" 86 0.000427152370331424 4
0.239322828204777 1.78755235651468 "1" 86 0.000427152370331424 4
-1.78367231557335 -0.517351541628687 "3" 86 0.000427152370331424 4
0.187761637328435 1.63541093883934 "1" 86 0.000427152370331424 4
0.835118324311576 -0.980402441266625 "2" 86 0.000427152370331424 4
-1.42962031736409 -0.764131679447385 "3" 86 0.000427152370331424 4
-1.8531277767943 -0.846894530729896 "3" 86 0.000427152370331424 4
1.27764959282719 -1.21710126974327 "2" 86 0.000427152370331424 4
-1.63544594261863 -0.654908353032201 "3" 86 0.000427152370331424 4
-1.80567839238507 -0.45054636101905 "3" 86 0.000427152370331424 4
1.09650590524732 -1.02350233244366 "2" 86 0.000427152370331424 4
-1.63083266768337 -1.01430635684501 "3" 86 0.000427152370331424 4
0.551888635874691 1.67484816644157 "1" 86 0.000427152370331424 4
1.43299172312198 -1.32921609273101 "2" 86 0.000427152370331424 4
-1.37846031206325 -0.40864826137838 "3" 86 0.000427152370331424 4
0.645150123254879 -1.14475781302309 "1" 115 0.00044493384761447 5
1.12590718127851 1.29107574686717 "3" 115 0.00044493384761447 5
-1.89386778967276 -0.371624602799317 "2" 115 0.00044493384761447 5
0.398157353579912 -1.26371298538991 "1" 115 0.00044493384761447 5
1.38220368183364 2.04880931362552 "3" 115 0.00044493384761447 5
-2.09388650005612 -0.011266078169605 "2" 115 0.00044493384761447 5
-2.18886335033738 -0.213849449714732 "2" 115 0.00044493384761447 5
0.53056610752789 -1.34308626667001 "1" 115 0.00044493384761447 5
1.30051034252595 1.69802743200118 "3" 115 0.00044493384761447 5
-2.0410917708919 -0.0620880621381462 "2" 115 0.00044493384761447 5
0.757843947451775 -1.72771822612061 "1" 115 0.00044493384761447 5
0.471488614863273 -1.47900365977973 "1" 115 0.00044493384761447 5
1.58843246999977 1.62698611924698 "3" 115 0.00044493384761447 5
0.507130906758248 -1.19557058528842 "1" 115 0.00044493384761447 5
0.503941038180605 -1.53395210889678 "1" 115 0.00044493384761447 5
0.535841140039176 -1.38452137022996 "1" 115 0.00044493384761447 5
-1.64230508942935 -0.243256771470519 "2" 115 0.00044493384761447 5
-2.02203125038729 -0.0732775920614704 "2" 115 0.00044493384761447 5
0.775209298231307 -1.82114213417041 "1" 115 0.00044493384761447 5
1.39193995031062 1.55031811010084 "3" 115 0.00044493384761447 5
1.49859024868164 1.48924471802702 "3" 115 0.00044493384761447 5
-2.01232239346665 -0.403883977271185 "2" 115 0.00044493384761447 5
1.14779859376801 1.90415923399137 "3" 115 0.00044493384761447 5
-2.03532430645048 0.175721221025373 "2" 115 0.00044493384761447 5
0.942771293519744 -1.85364343727602 "1" 115 0.00044493384761447 5
1.56541873510635 1.60483082198239 "3" 115 0.00044493384761447 5
-1.63696640644064 -0.768425964242214 "2" 115 0.00044493384761447 5
0.923438422495791 1.84071691075338 "3" 115 0.00044493384761447 5
1.34211714044198 1.70120949371397 "3" 115 0.00044493384761447 5
-1.76779773271649 -0.0363180366230457 "2" 115 0.00044493384761447 5
-1.10033144172732 -0.905832415737902 "2" 74 0.000458020580904459 6
-0.603557008932647 0.897543211598632 "3" 74 0.000458020580904459 6
-1.06358303797808 1.04113029418209 "3" 74 0.000458020580904459 6
2.07445126754306 0.496151088447439 "1" 74 0.000458020580904459 6
-0.61785299398793 1.08765651277579 "3" 74 0.000458020580904459 6
-1.22794255246857 -1.24841066358471 "2" 74 0.000458020580904459 6
-0.809826590866382 1.07751920674065 "3" 74 0.000458020580904459 6
-1.26761688013551 -0.846018270845762 "2" 74 0.000458020580904459 6
2.27125190758112 0.154713580116033 "1" 74 0.000458020580904459 6
-0.828234329881451 0.962729529127759 "3" 74 0.000458020580904459 6
2.36737160451968 0.0161226789252195 "1" 74 0.000458020580904459 6
-1.57708488283557 -1.41962443636293 "2" 74 0.000458020580904459 6
2.1760921573309 0.137503718769656 "1" 74 0.000458020580904459 6
-0.597030798080091 1.05804204542132 "3" 74 0.000458020580904459 6
-1.38019108447235 -0.951874363517523 "2" 74 0.000458020580904459 6
-1.1645687235691 -1.31911103598748 "2" 74 0.000458020580904459 6
2.28999487062991 -0.237367449562874 "1" 74 0.000458020580904459 6
-0.815841816641862 0.84990587629267 "3" 74 0.000458020580904459 6
-1.24188373065362 -1.36978296832535 "2" 74 0.000458020580904459 6
1.76599879439521 0.155735864373991 "1" 74 0.000458020580904459 6
2.24788915951129 0.0496126440671587 "1" 74 0.000458020580904459 6
-1.60544286561334 -1.32697202278472 "2" 74 0.000458020580904459 6
2.1357833067774 0.406072316047621 "1" 74 0.000458020580904459 6
-1.24511113399664 -1.15376823774818 "2" 74 0.000458020580904459 6
-1.37462364147896 -1.54680928029927 "2" 74 0.000458020580904459 6
-1.0096013243703 1.13160382456719 "3" 74 0.000458020580904459 6
-1.03551804040296 1.00756635789914 "3" 74 0.000458020580904459 6
2.06248928572049 0.222033188520993 "1" 74 0.000458020580904459 6
-0.857433325192811 1.24702949619402 "3" 74 0.000458020580904459 6
2.03195384927646 0.326899710689327 "1" 74 0.000458020580904459 6
-1.41919620022065 -1.13677621293056 "1" 124 0.000470270440818419 7
2.15687615529063 -0.598510403562209 "2" 124 0.000470270440818419 7
-1.54716690757917 -0.726344167060721 "1" 124 0.000470270440818419 7
-1.43470492262327 -0.996001102933631 "1" 124 0.000470270440818419 7
-1.05098139255286 -0.524110641542615 "1" 124 0.000470270440818419 7
-0.434305931741613 1.55546366257736 "3" 124 0.000470270440818419 7
-0.46446253314527 1.59083810274259 "3" 124 0.000470270440818419 7
-0.444227976308798 1.62952685987814 "3" 124 0.000470270440818419 7
-1.39850045649035 -0.798478184293882 "1" 124 0.000470270440818419 7
-1.24647934991969 -0.753643195186221 "1" 124 0.000470270440818419 7
1.71796345198181 -0.839492126663447 "2" 124 0.000470270440818419 7
1.81489239656072 -0.346786185701585 "2" 124 0.000470270440818419 7
1.7465354842171 -0.629421307714159 "2" 124 0.000470270440818419 7
-1.50708860918009 -0.508586182826799 "1" 124 0.000470270440818419 7
1.70579495168263 -0.4803745271827 "2" 124 0.000470270440818419 7
1.69238136658911 -0.519640074335706 "2" 124 0.000470270440818419 7
1.69069295226043 -0.856426224014348 "2" 124 0.000470270440818419 7
-1.32985163499107 -1.02141243155294 "1" 124 0.000470270440818419 7
1.78107989302381 -0.874600773773451 "2" 124 0.000470270440818419 7
2.00781271139889 -0.465132274769764 "2" 124 0.000470270440818419 7
-0.335590464628905 1.39061163582742 "3" 124 0.000470270440818419 7
-0.545983079873243 1.63130839608205 "3" 124 0.000470270440818419 7
1.71298090727389 -1.10898427660918 "2" 124 0.000470270440818419 7
-0.374478765274941 1.88504469891265 "3" 124 0.000470270440818419 7
-1.39396384858729 -1.03251352709021 "1" 124 0.000470270440818419 7
-0.203248382724601 1.40919772160544 "3" 124 0.000470270440818419 7
-0.161765481565339 1.41001388387246 "3" 124 0.000470270440818419 7
-0.43254557789732 1.17368781703654 "3" 124 0.000470270440818419 7
-1.78752107863467 -1.21898443946744 "1" 124 0.000470270440818419 7
-0.514947676339878 1.7605254806769 "3" 124 0.000470270440818419 7
1.53658398944539 0.999056670776088 "1" 85 0.000471798243423006 8
-1.33011127394274 0.70831648506586 "3" 85 0.000471798243423006 8
-1.95133080228771 0.700135491620113 "3" 85 0.000471798243423006 8
-2.10057976881294 1.09871258777283 "3" 85 0.000471798243423006 8
0.221850739660756 -2.02174598033852 "2" 85 0.000471798243423006 8
0.276616149678294 -1.79811501195188 "2" 85 0.000471798243423006 8
-1.90052133798255 0.970335021735993 "3" 85 0.000471798243423006 8
-1.83068996348577 0.854259270565411 "3" 85 0.000471798243423006 8
1.83678575268805 1.15866978665501 "1" 85 0.000471798243423006 8
-1.62645746718425 0.559797103023251 "3" 85 0.000471798243423006 8
-1.33079053233585 0.670684522842715 "3" 85 0.000471798243423006 8
1.92307332143224 1.22597149775391 "1" 85 0.000471798243423006 8
1.50524642342384 0.955563491541899 "1" 85 0.000471798243423006 8
1.40034143563771 1.20649668198634 "1" 85 0.000471798243423006 8
1.43052991156256 0.987963216413588 "1" 85 0.000471798243423006 8
-0.374666341277996 -1.64946339003691 "2" 85 0.000471798243423006 8
-2.00505464319118 0.77872565480494 "3" 85 0.000471798243423006 8
1.78506981465775 1.22274208625528 "1" 85 0.000471798243423006 8
-0.166245174180185 -1.47140762915977 "2" 85 0.000471798243423006 8
1.78474127180721 0.913432409138894 "1" 85 0.000471798243423006 8
0.123830977244536 -1.97274926947982 "2" 85 0.000471798243423006 8
-1.81487122587164 0.859748242152224 "3" 85 0.000471798243423006 8
-0.413669617982784 -1.91264897409769 "2" 85 0.000471798243423006 8
1.84762994872751 0.919463671448487 "1" 85 0.000471798243423006 8
0.175715706571088 -1.91627382480033 "2" 85 0.000471798243423006 8
2.0959281353616 0.92821868549761 "1" 85 0.000471798243423006 8
0.809695727126008 -1.78951686151237 "2" 85 0.000471798243423006 8
-1.49015552412329 0.74950464583328 "3" 85 0.000471798243423006 8
-0.0653370730242497 -1.93252607234334 "2" 85 0.000471798243423006 8
-0.35315855934139 -2.00335020916309 "2" 85 0.000471798243423006 8
-1.258516494265 -1.38003180949787 "1" 123 0.000499381180097719 9
-1.05773650507672 1.684385455198 "3" 123 0.000499381180097719 9
-0.874381817327743 1.38710542558945 "3" 123 0.000499381180097719 9
-1.01194067925095 -1.26658650399623 "1" 123 0.000499381180097719 9
-0.707918985993849 1.56273251467678 "3" 123 0.000499381180097719 9
1.80121839939455 -0.0408500802736991 "2" 123 0.000499381180097719 9
1.59170100455445 -0.0346279899273251 "2" 123 0.000499381180097719 9
1.70931991135514 -0.0560283323210987 "2" 123 0.000499381180097719 9
-0.915867651935064 -1.54930886376657 "1" 123 0.000499381180097719 9
-0.605433466139434 1.32832733128573 "3" 123 0.000499381180097719 9
-0.664831963275453 1.89337719459282 "3" 123 0.000499381180097719 9
-0.72441067695481 -1.91683046727049 "1" 123 0.000499381180097719 9
1.79751487058907 -0.000353852310605766 "2" 123 0.000499381180097719 9
-1.02205671728489 -1.78062513562029 "1" 123 0.000499381180097719 9
-1.02333550635121 1.7271706554073 "3" 123 0.000499381180097719 9
-0.745332829666437 -1.43029543733011 "1" 123 0.000499381180097719 9
-1.24337752340621 1.31442546728969 "3" 123 0.000499381180097719 9
-0.961902425277433 1.53635311694534 "3" 123 0.000499381180097719 9
-1.24521187148451 -1.84165873298711 "1" 123 0.000499381180097719 9
1.73210678907685 -0.320004100560506 "2" 123 0.000499381180097719 9
2.07816373411828 -0.078351361434618 "2" 123 0.000499381180097719 9
-0.820810477615902 1.92941315803007 "3" 123 0.000499381180097719 9
1.6896944860948 0.395968343694365 "2" 123 0.000499381180097719 9
1.9453100545041 0.0998966446526428 "2" 123 0.000499381180097719 9
-0.990766236672206 -1.70751206332298 "1" 123 0.000499381180097719 9
-1.06540880760097 1.81131916830586 "3" 123 0.000499381180097719 9
2.25953389222153 0.0169108382877447 "2" 123 0.000499381180097719 9
-0.923250090539288 -1.59957648157647 "1" 123 0.000499381180097719 9
-0.950259460829992 -1.94450849383484 "1" 123 0.000499381180097719 9
2.20818704503928 0.259764392075023 "2" 123 0.000499381180097719 9
0.1273207417207 -1.80743602004707 "3" 75 0.000514804959226164 10
-1.10431048910848 0.86754146071929 "1" 75 0.000514804959226164 10
-1.87182038040366 0.492644901574869 "1" 75 0.000514804959226164 10
1.47615220603254 1.17936098395093 "2" 75 0.000514804959226164 10
1.74614211832061 1.28299967293107 "2" 75 0.000514804959226164 10
-1.74479476577084 0.710235968862791 "1" 75 0.000514804959226164 10
-1.29961336554737 0.547272220767134 "1" 75 0.000514804959226164 10
0.355564152025862 -1.84264517027577 "3" 75 0.000514804959226164 10
-1.6512905968618 0.995089136929245 "1" 75 0.000514804959226164 10
0.208085454733434 -2.201388826268 "3" 75 0.000514804959226164 10
1.29795491559545 1.18053858684488 "2" 75 0.000514804959226164 10
0.176960500722446 -2.08362013338834 "3" 75 0.000514804959226164 10
0.301001932297692 -1.89546086954761 "3" 75 0.000514804959226164 10
-1.42826722299498 0.974629041727832 "1" 75 0.000514804959226164 10
0.331457815857645 -2.01411100734817 "3" 75 0.000514804959226164 10
0.353604257706501 -1.61870328858138 "3" 75 0.000514804959226164 10
1.38422942564375 1.58395930812331 "2" 75 0.000514804959226164 10
-1.81820046378562 0.46185080804571 "1" 75 0.000514804959226164 10
1.1487888915946 1.27389557249116 "2" 75 0.000514804959226164 10
-1.32173013313633 0.549726128723852 "1" 75 0.000514804959226164 10
1.21534845164909 0.922307313089504 "2" 75 0.000514804959226164 10
1.1686795725951 1.15254951701777 "2" 75 0.000514804959226164 10
-1.5310648484372 0.925042933536586 "1" 75 0.000514804959226164 10
-1.31480912070834 1.20797911456314 "1" 75 0.000514804959226164 10
1.4569906465293 1.17875264900244 "2" 75 0.000514804959226164 10
1.1124877849368 0.964170240062724 "2" 75 0.000514804959226164 10
-0.329960335869579 -2.20489575631236 "3" 75 0.000514804959226164 10
0.0466574871192848 -2.10406180923512 "3" 75 0.000514804959226164 10
0.107055055648514 -2.13947075952706 "3" 75 0.000514804959226164 10
1.40138031189489 1.46124808156664 "2" 75 0.000514804959226164 10
-1.24313244964803 0.959897548886243 "1" 84 0.000519542284603634 11
-0.880268143223908 1.56411598707143 "1" 84 0.000519542284603634 11
-0.906303640681233 -1.10033553596519 "2" 84 0.000519542284603634 11
2.03884700790252 0.255300544826584 "3" 84 0.000519542284603634 11
2.50953434735383 0.319766047585588 "3" 84 0.000519542284603634 11
1.91338095366914 0.0425488816671275 "3" 84 0.000519542284603634 11
-1.02620014199726 1.12302714333405 "1" 84 0.000519542284603634 11
-1.15436340698122 -1.41303202981703 "2" 84 0.000519542284603634 11
-1.11540272951375 -0.892369766455808 "2" 84 0.000519542284603634 11
-0.897686647758667 1.47970212834267 "1" 84 0.000519542284603634 11
-0.799283815301062 -1.34100674957771 "2" 84 0.000519542284603634 11
-1.05354001743144 -1.59559824292538 "2" 84 0.000519542284603634 11
1.92893714781205 -0.0789647926070691 "3" 84 0.000519542284603634 11
2.30301825707434 -0.290992390890022 "3" 84 0.000519542284603634 11
-1.07148160572535 -1.50154219344141 "2" 84 0.000519542284603634 11
-1.36890779449595 1.50744078159573 "1" 84 0.000519542284603634 11
2.02391945647372 0.0731484413309753 "3" 84 0.000519542284603634 11
-1.25096940847741 1.57416394050226 "1" 84 0.000519542284603634 11
2.13291024674445 -0.190030034886293 "3" 84 0.000519542284603634 11
-1.17646908564522 -1.5035223698625 "2" 84 0.000519542284603634 11
-1.3731619793433 -1.46495009026499 "2" 84 0.000519542284603634 11
2.50374668643257 0.308868010227513 "3" 84 0.000519542284603634 11
1.95157941267053 -0.265948024551007 "3" 84 0.000519542284603634 11
-1.07623337842402 1.24935278588633 "1" 84 0.000519542284603634 11
1.96159963253134 -0.180736587914419 "3" 84 0.000519542284603634 11
-1.17463432518506 -1.51654595253486 "2" 84 0.000519542284603634 11
-1.00202627770206 -1.03458384859924 "2" 84 0.000519542284603634 11
-0.811439197953475 1.13880744385818 "1" 84 0.000519542284603634 11
-0.965192353012527 1.35030988052751 "1" 84 0.000519542284603634 11
-0.920776750163549 1.42370904465073 "1" 84 0.000519542284603634 11
0.0376069127376642 -1.74501865441529 "2" 90 0.000523311673758054 12
1.2929173642276 1.72187707354828 "3" 90 0.000523311673758054 12
0.411169088316908 -2.30192363929828 "2" 90 0.000523311673758054 12
-1.88179639100814 0.459336551876904 "1" 90 0.000523311673758054 12
1.66560937295218 1.57462433527208 "3" 90 0.000523311673758054 12
1.55793884660506 1.54019397955029 "3" 90 0.000523311673758054 12
-0.305107282376904 -1.88784877264262 "2" 90 0.000523311673758054 12
0.0265518448044649 -1.71078140802549 "2" 90 0.000523311673758054 12
-1.58569879729104 0.397885195460695 "1" 90 0.000523311673758054 12
0.367234921298729 -1.90951266242652 "2" 90 0.000523311673758054 12
1.7358042594949 1.46448791049438 "3" 90 0.000523311673758054 12
0.679218695901751 -1.91288401666094 "2" 90 0.000523311673758054 12
0.294370715749402 -1.67832607847507 "2" 90 0.000523311673758054 12
-2.15728204624181 0.523833633306087 "1" 90 0.000523311673758054 12
0.811035538734819 -2.11127270347458 "2" 90 0.000523311673758054 12
-1.46079218663599 -0.14578627674638 "1" 90 0.000523311673758054 12
-2.04302284152175 0.442295678737354 "1" 90 0.000523311673758054 12
-2.06064792526267 0.325423442824011 "1" 90 0.000523311673758054 12
-1.85528294592278 0.0995674237117375 "1" 90 0.000523311673758054 12
-1.99882169330736 0.0171585853934308 "1" 90 0.000523311673758054 12
1.62837490301033 1.45597850642193 "3" 90 0.000523311673758054 12
-1.39513196423112 0.0643769219007216 "1" 90 0.000523311673758054 12
1.8057964470018 1.67103979129146 "3" 90 0.000523311673758054 12
0.404930184118005 -1.81942127615719 "2" 90 0.000523311673758054 12
1.08785893357053 2.02638287749777 "3" 90 0.000523311673758054 12
1.72125970713939 1.43296772128498 "3" 90 0.000523311673758054 12
-1.51982765575485 -0.0501285531175285 "1" 90 0.000523311673758054 12
-0.188704679198312 -1.49404411571673 "2" 90 0.000523311673758054 12
1.42956538687988 1.68392052463845 "3" 90 0.000523311673758054 12
1.49487328620933 1.86559800394605 "3" 90 0.000523311673758054 12
-1.49124865211291 0.571145302221102 "3" 101 0.000553295291452249 13
0.720460183519362 -1.3937214186989 "1" 101 0.000553295291452249 13
-2.08984583354144 0.300250734052069 "3" 101 0.000553295291452249 13
-1.7476987318582 0.393198941918619 "3" 101 0.000553295291452249 13
-1.85105399949002 0.71525852448486 "3" 101 0.000553295291452249 13
1.1067069108628 -1.6955163240809 "1" 101 0.000553295291452249 13
1.06315972489511 1.20047849468624 "2" 101 0.000553295291452249 13
1.17749960192798 1.31402477531377 "2" 101 0.000553295291452249 13
0.835489438925383 1.24483579178279 "2" 101 0.000553295291452249 13
0.994770317489528 -1.46919789803882 "1" 101 0.000553295291452249 13
0.775929317045591 -1.78301191869923 "1" 101 0.000553295291452249 13
1.16076809894246 -1.30594739970501 "1" 101 0.000553295291452249 13
1.25604239842115 1.17426699718445 "2" 101 0.000553295291452249 13
0.662849869689801 -1.23877410333606 "1" 101 0.000553295291452249 13
0.818151536386604 -1.51092702395841 "1" 101 0.000553295291452249 13
0.733590418408903 -1.22745363770162 "1" 101 0.000553295291452249 13
0.813613299018843 -1.92140071678913 "1" 101 0.000553295291452249 13
-1.75950866973633 0.629310626494769 "3" 101 0.000553295291452249 13
-1.89710860270302 0.156062425580461 "3" 101 0.000553295291452249 13
-1.86344740390121 0.50724405453228 "3" 101 0.000553295291452249 13
0.555439784505774 0.733060707758442 "2" 101 0.000553295291452249 13
0.817312943130797 1.22812461581426 "2" 101 0.000553295291452249 13
1.01310893840828 -1.7569737640346 "1" 101 0.000553295291452249 13
-1.93415258021112 0.281686413907352 "3" 101 0.000553295291452249 13
1.0348267704139 1.09846672414429 "2" 101 0.000553295291452249 13
1.19235757142627 0.880580718899257 "2" 101 0.000553295291452249 13
0.739465139782336 1.08017304945953 "2" 101 0.000553295291452249 13
1.03262838561141 1.23948678446573 "2" 101 0.000553295291452249 13
-2.01094392607773 0.297803796609549 "3" 101 0.000553295291452249 13
-1.85916224918031 0.257464725732861 "3" 101 0.000553295291452249 13
1.00864540662401 -1.40225227062329 "3" 99 0.000553649604225462 14
0.573200628428182 2.16378440738411 "2" 99 0.000553649604225462 14
-1.15582216381946 -0.71336415000311 "1" 99 0.000553649604225462 14
0.0429072667658953 1.98436363042675 "2" 99 0.000553649604225462 14
-1.0653559985442 -0.981000018987912 "1" 99 0.000553649604225462 14
-1.59852893777571 -0.817846917264498 "1" 99 0.000553649604225462 14
0.811063362442794 -1.33397421197449 "3" 99 0.000553649604225462 14
0.00814010763637246 2.24176664635708 "2" 99 0.000553649604225462 14
0.486776224854456 2.58154908427416 "2" 99 0.000553649604225462 14
-1.44788331996344 -0.621470323951657 "1" 99 0.000553649604225462 14
1.41576872720724 -1.31063350196973 "3" 99 0.000553649604225462 14
1.75650604631877 -1.28394369795783 "3" 99 0.000553649604225462 14
1.37112079211501 -1.19904979762849 "3" 99 0.000553649604225462 14
-1.1081596124286 -0.878244876296214 "1" 99 0.000553649604225462 14
0.388636355762587 2.11780239646534 "2" 99 0.000553649604225462 14
-1.48215282871041 -0.561537762678121 "1" 99 0.000553649604225462 14
0.553592705972767 2.39281963226254 "2" 99 0.000553649604225462 14
0.186579643343717 2.34839422611295 "2" 99 0.000553649604225462 14
1.34253025138571 -1.46852014776662 "3" 99 0.000553649604225462 14
-1.17619395138939 -0.863047170672394 "1" 99 0.000553649604225462 14
1.30400402250329 -1.44276469583755 "3" 99 0.000553649604225462 14
-1.61210217045081 -0.86192396053013 "1" 99 0.000553649604225462 14
-0.438290319727845 1.82221821549136 "2" 99 0.000553649604225462 14
0.895299377857223 -1.49479124557603 "3" 99 0.000553649604225462 14
1.23392299324107 -1.31934175445008 "3" 99 0.000553649604225462 14
-0.0161747722428869 1.98871460319854 "2" 99 0.000553649604225462 14
-1.58669591687549 -0.645482417188477 "1" 99 0.000553649604225462 14
-0.419654289443885 1.90728530133487 "2" 99 0.000553649604225462 14
1.27050072739784 -1.44182679009867 "3" 99 0.000553649604225462 14
-1.54218035848478 -0.907682431852408 "1" 99 0.000553649604225462 14
-1.94531551130633 0.304167041778491 "1" 88 0.000556081556815544 15
-1.89902206933323 0.999054930997039 "1" 88 0.000556081556815544 15
-2.07637175996392 0.938053776904231 "1" 88 0.000556081556815544 15
1.58389393153627 0.715946359836258 "2" 88 0.000556081556815544 15
0.528105700945131 -1.10657516734477 "3" 88 0.000556081556815544 15
0.737269606932239 -1.44880823083145 "3" 88 0.000556081556815544 15
-1.85229363559251 0.759143530543236 "1" 88 0.000556081556815544 15
-2.05601812986791 0.632422847161951 "1" 88 0.000556081556815544 15
-2.00359779819935 0.685200451380989 "1" 88 0.000556081556815544 15
0.404290777489208 -1.28470843149098 "3" 88 0.000556081556815544 15
1.87632812397524 1.32772133390287 "2" 88 0.000556081556815544 15
0.184970925005862 -1.64631608703615 "3" 88 0.000556081556815544 15
1.35503427286984 0.474367397503625 "2" 88 0.000556081556815544 15
0.442647003725875 -1.54294537170872 "3" 88 0.000556081556815544 15
1.29374765802175 0.698291908588713 "2" 88 0.000556081556815544 15
-2.16704164666411 0.365795247074839 "1" 88 0.000556081556815544 15
0.321481176325443 -1.31630411380112 "3" 88 0.000556081556815544 15
0.43627011207068 -1.33872373146623 "3" 88 0.000556081556815544 15
0.464199252845428 -1.71405493602513 "3" 88 0.000556081556815544 15
0.0460804853807569 -1.59171110613337 "3" 88 0.000556081556815544 15
-1.7231189619097 0.635145634817947 "1" 88 0.000556081556815544 15
1.47598002810375 0.470977636208252 "2" 88 0.000556081556815544 15
1.45753543184953 0.532301006783535 "2" 88 0.000556081556815544 15
1.6522177035433 0.761404974135298 "2" 88 0.000556081556815544 15
1.56797819306967 1.06919046897362 "2" 88 0.000556081556815544 15
-1.66131486458311 0.810482416504 "1" 88 0.000556081556815544 15
0.614588586489548 -1.51843077453593 "3" 88 0.000556081556815544 15
-1.80736614796811 0.579531510902388 "1" 88 0.000556081556815544 15
1.55741037919529 0.986329205810774 "2" 88 0.000556081556815544 15
1.19143117601347 0.76305027056579 "2" 88 0.000556081556815544 15
1.62751764421719 0.856169710464742 "1" 123 0.000558399959170219 16
-0.667145357114561 -1.93542887431743 "2" 123 0.000558399959170219 16
1.45917858229311 0.552697091705028 "1" 123 0.000558399959170219 16
-0.582618125464606 -2.34181288472904 "2" 123 0.000558399959170219 16
1.50386371875454 0.290630290793814 "1" 123 0.000558399959170219 16
-0.984512547620388 1.8680259237417 "3" 123 0.000558399959170219 16
-0.00395613410616215 -1.98649484439423 "2" 123 0.000558399959170219 16
-0.0955195406406822 -1.86895277642645 "2" 123 0.000558399959170219 16
-1.47521012121665 1.14830285469804 "3" 123 0.000558399959170219 16
1.50111751321329 0.733478237192607 "1" 123 0.000558399959170219 16
-0.397550100485244 -1.62619533864093 "2" 123 0.000558399959170219 16
1.29977697762423 0.467883590080514 "1" 123 0.000558399959170219 16
1.74666994689504 0.851085214536589 "1" 123 0.000558399959170219 16
-1.19891883598027 1.1521889739006 "3" 123 0.000558399959170219 16
1.99781128986975 0.504094993189278 "1" 123 0.000558399959170219 16
-1.13558528072296 1.28379510055302 "3" 123 0.000558399959170219 16
-1.39031413287133 1.19586356590447 "3" 123 0.000558399959170219 16
-1.3440031547655 1.41565372202552 "3" 123 0.000558399959170219 16
-0.306206712475644 -1.91056434885461 "2" 123 0.000558399959170219 16
-1.20868420323386 1.00765010433261 "3" 123 0.000558399959170219 16
-0.106097547028236 -1.99432914016978 "2" 123 0.000558399959170219 16
-1.79556226636905 1.05557828599103 "3" 123 0.000558399959170219 16
-1.09244693021914 1.55588890124032 "3" 123 0.000558399959170219 16
-0.360472460789191 -2.01506303629409 "2" 123 0.000558399959170219 16
1.43603207104291 0.671610911232085 "1" 123 0.000558399959170219 16
-1.03766536043218 1.47471800686291 "3" 123 0.000558399959170219 16
-0.358300923982948 -1.85110624146907 "2" 123 0.000558399959170219 16
1.91211169309105 0.955502491512711 "1" 123 0.000558399959170219 16
1.64722037175859 0.823480397696681 "1" 123 0.000558399959170219 16
-0.590530073241091 -2.33435088235864 "2" 123 0.000558399959170219 16
1.21148522438922 0.902595928157991 "2" 84 0.000588223930193882 17
1.19513050852253 1.05070046475494 "2" 84 0.000588223930193882 17
0.910401092038854 -1.1873127920658 "1" 84 0.000588223930193882 17
0.549852427852052 -1.56901304736834 "1" 84 0.000588223930193882 17
-2.09338383441091 1.06586566015772 "3" 84 0.000588223930193882 17
1.42219744515505 0.896291820221738 "2" 84 0.000588223930193882 17
1.12794529159164 0.458688950204126 "2" 84 0.000588223930193882 17
-2.2017043466105 0.707355149710906 "3" 84 0.000588223930193882 17
1.75415062188872 1.45297554984828 "2" 84 0.000588223930193882 17
-1.93787053121094 1.09177801519512 "3" 84 0.000588223930193882 17
0.586508190109109 -1.83554955082355 "1" 84 0.000588223930193882 17
0.542791691650677 -1.59577272597204 "1" 84 0.000588223930193882 17
0.456600144375161 -2.13043710629633 "1" 84 0.000588223930193882 17
0.452566569632339 -2.23797111447328 "1" 84 0.000588223930193882 17
-1.88113650778573 0.891389154851249 "3" 84 0.000588223930193882 17
1.00899317273202 0.748676134461161 "2" 84 0.000588223930193882 17
1.56486781387218 1.28968234166397 "2" 84 0.000588223930193882 17
0.731941382472427 -1.82687640641649 "1" 84 0.000588223930193882 17
0.505680846029039 -2.04449882805279 "1" 84 0.000588223930193882 17
1.17655099957146 0.608829607027286 "2" 84 0.000588223930193882 17
-1.66293452953531 1.18827806722188 "3" 84 0.000588223930193882 17
0.6686274701288 -2.00580488114829 "1" 84 0.000588223930193882 17
1.37337275862168 0.766640396839092 "2" 84 0.000588223930193882 17
1.0732164436901 0.891509489538422 "2" 84 0.000588223930193882 17
-1.87761868845495 0.845307839157885 "3" 84 0.000588223930193882 17
-1.77479593957828 0.818775101739452 "3" 84 0.000588223930193882 17
0.747223948537561 -1.34594458735953 "1" 84 0.000588223930193882 17
-2.14690516565708 0.689960354539351 "3" 84 0.000588223930193882 17
-1.96973476314027 0.633865778646046 "3" 84 0.000588223930193882 17
-1.51401973647665 0.780015236039812 "3" 84 0.000588223930193882 17
-1.35889827151038 -0.771867715137114 "2" 99 0.000591130675454945 18
-0.299132630267547 2.04302480903702 "3" 99 0.000591130675454945 18
-0.378270723212352 1.85961984667211 "3" 99 0.000591130675454945 18
1.856955966789 -1.33566466416344 "1" 99 0.000591130675454945 18
1.57991847691404 -1.07813694209209 "1" 99 0.000591130675454945 18
1.61508209796581 -0.923434189083807 "1" 99 0.000591130675454945 18
-0.947578469587151 -0.565512898896302 "2" 99 0.000591130675454945 18
-0.268488637585435 1.74577956359223 "3" 99 0.000591130675454945 18
-0.517273689796078 1.6418422440022 "3" 99 0.000591130675454945 18
-1.595499102024 -1.07984754814445 "2" 99 0.000591130675454945 18
1.39088910685961 -1.41845820701453 "1" 99 0.000591130675454945 18
-0.389264838477927 1.62126491254299 "3" 99 0.000591130675454945 18
-1.41463987129038 -0.844144801896361 "2" 99 0.000591130675454945 18
1.85747510787 -1.16079985051437 "1" 99 0.000591130675454945 18
1.5569340400617 -1.04305514819806 "1" 99 0.000591130675454945 18
-1.0860044422734 -0.70902055255937 "2" 99 0.000591130675454945 18
2.21712196212553 -0.618225917026064 "1" 99 0.000591130675454945 18
-0.996148032039786 -0.444944431256809 "2" 99 0.000591130675454945 18
1.46529346354478 -1.08516933325105 "1" 99 0.000591130675454945 18
-1.25181099994136 -0.346071690467742 "2" 99 0.000591130675454945 18
1.48146513638441 -1.72934295048564 "1" 99 0.000591130675454945 18
-0.226103925608196 1.99021385166521 "3" 99 0.000591130675454945 18
-0.134355411770956 2.05220923758504 "3" 99 0.000591130675454945 18
-0.181416123615286 1.94666613555786 "3" 99 0.000591130675454945 18
1.60020860295787 -1.27314326653585 "1" 99 0.000591130675454945 18
-1.54886636168225 -0.650884527626745 "2" 99 0.000591130675454945 18
-0.82913346090992 1.73352744390663 "3" 99 0.000591130675454945 18
-0.472455146194448 1.65026062417549 "3" 99 0.000591130675454945 18
-1.50391726029147 -0.710157825605397 "2" 99 0.000591130675454945 18
-1.22208656339442 -0.496526208781593 "2" 99 0.000591130675454945 18
-0.74373490062193 0.702645574356466 "2" 111 0.000595842573364973 19
2.03791445352317 0.445506458733478 "1" 111 0.000595842573364973 19
-1.4544637777495 -1.4051743407429 "3" 111 0.000595842573364973 19
2.22325584447326 0.00276970957553153 "1" 111 0.000595842573364973 19
1.9455282353852 0.56324482197541 "1" 111 0.000595842573364973 19
-0.878373703406295 -1.67688768080938 "3" 111 0.000595842573364973 19
-1.06654476688316 1.03079837645099 "2" 111 0.000595842573364973 19
-0.947367446342544 -1.87065086626409 "3" 111 0.000595842573364973 19
2.07451825526452 0.541011868021087 "1" 111 0.000595842573364973 19
1.92853524131234 0.296132218983371 "1" 111 0.000595842573364973 19
-1.08250939774312 -1.50097923023205 "3" 111 0.000595842573364973 19
-1.56432157036597 -1.44296805459179 "3" 111 0.000595842573364973 19
2.16456066703747 0.137674773977152 "1" 111 0.000595842573364973 19
-1.41427856467974 -1.20682916820034 "3" 111 0.000595842573364973 19
-1.14142625102124 2.07286530889791 "2" 111 0.000595842573364973 19
-1.0837589763113 -1.26582261688392 "3" 111 0.000595842573364973 19
1.91561169121082 0.355157041653915 "1" 111 0.000595842573364973 19
-1.09658425956098 1.4246441997361 "2" 111 0.000595842573364973 19
2.39593364513152 0.151208447001767 "1" 111 0.000595842573364973 19
1.96478702472115 0.304606903805186 "1" 111 0.000595842573364973 19
-0.840481699974542 1.18584062924438 "2" 111 0.000595842573364973 19
1.96154841378961 0.0316676333407375 "1" 111 0.000595842573364973 19
-0.943992450195859 0.995340687833278 "2" 111 0.000595842573364973 19
-0.882334026326565 0.916629472864148 "2" 111 0.000595842573364973 19
-0.968122387082471 1.25575451131772 "2" 111 0.000595842573364973 19
-0.715062391920228 1.11621795685048 "2" 111 0.000595842573364973 19
-1.02826650095717 -1.49250585980994 "3" 111 0.000595842573364973 19
-0.737875435173993 1.16496804125477 "2" 111 0.000595842573364973 19
-0.883640218065143 -1.46804551893161 "3" 111 0.000595842573364973 19
-1.1390547474673 -1.36482129940786 "3" 111 0.000595842573364973 19
-1.4609993306294 1.50449887223868 "1" 87 0.000839394061563611 20
-0.769084008502928 1.15435953544366 "1" 87 0.000839394061563611 20
-1.54022516750687 1.62186832638949 "1" 87 0.000839394061563611 20
-1.43988051525559 1.35957621739895 "1" 87 0.000839394061563611 20
-1.07024964234895 1.61550001928434 "1" 87 0.000839394061563611 20
-1.1670774846709 1.52741799293666 "1" 87 0.000839394061563611 20
-1.50072686831397 1.53790493305024 "1" 87 0.000839394061563611 20
-1.56462792398799 1.5124676060005 "1" 87 0.000839394061563611 20
-1.5240237155867 1.50588013638986 "1" 87 0.000839394061563611 20
-1.28476321855995 1.46950667743006 "1" 87 0.000839394061563611 20
-0.306218052543623 -1.85794398466538 "2" 87 0.000839394061563611 20
-0.412491197403075 -1.70345901582653 "2" 87 0.000839394061563611 20
-0.362765264947009 -1.67803186562845 "2" 87 0.000839394061563611 20
0.355390095934636 -1.76137261462552 "2" 87 0.000839394061563611 20
-0.212964470566082 -1.49100014487791 "2" 87 0.000839394061563611 20
-0.125733833110854 -1.3581910666155 "2" 87 0.000839394061563611 20
-0.0668538574361647 -1.33666143299385 "2" 87 0.000839394061563611 20
-0.132202449602113 -1.74498487586097 "2" 87 0.000839394061563611 20
-0.566840666942586 -1.8035613995489 "2" 87 0.000839394061563611 20
-0.17009608266293 -1.96817090163449 "2" 87 0.000839394061563611 20
1.25934948515211 -0.0738554534624499 "3" 87 0.000839394061563611 20
1.20617909535815 0.273204898262121 "3" 87 0.000839394061563611 20
1.76877585580925 0.40381507409945 "3" 87 0.000839394061563611 20
1.6511171183123 0.0924784432154892 "3" 87 0.000839394061563611 20
1.67242925659624 -0.0987153098634754 "3" 87 0.000839394061563611 20
1.42377336499562 0.0455620916088705 "3" 87 0.000839394061563611 20
1.47857409756424 0.0596090175171164 "3" 87 0.000839394061563611 20
1.31795444303264 0.132599884327367 "3" 87 0.000839394061563611 20
1.82843734533887 0.43434500568429 "3" 87 0.000839394061563611 20
1.71584359248365 0.625353334326314 "3" 87 0.000839394061563611 20
