"LD1" "LD2" "grp" ".sample"
-4.66269082960088 -1.76008744037765 "F" 1
4.7085721193776 0.991960121787466 "W" 1
2.73302332251642 2.75311992148816 "W" 1
3.69124580536476 2.2721860952015 "W" 1
4.30715644489575 1.84305193416226 "W" 1
3.62936256487955 2.43362860030061 "W" 1
2.64144798429015 1.62276850404411 "W" 1
3.47089798469483 -2.8896192628957 "G" 1
-1.16594214790244 3.03154037650778 "Q" 1
-2.82251991207204 0.24368341955356 "Q" 1
2.64702933208216 -1.66799164414531 "G" 1
-2.75405790657394 2.83336042749021 "Q" 1
-2.0552538260063 -3.21881392567434 "F" 1
2.42140869079249 1.2090183501442 "W" 1
-4.90413425436552 -4.09493674894174 "F" 1
-3.79230678470336 3.78732914478396 "Q" 1
2.97994426000643 0.313669063174505 "W" 1
-1.75093050216719 -0.965234471375733 "F" 1
1.42916528629232 1.91249145119358 "W" 1
1.74856182902251 -2.74792480488165 "G" 1
-2.71882098409956 2.61764085434624 "Q" 1
2.94031105693129 1.74906591885823 "W" 1
4.06277557048468 -1.77609071349098 "G" 1
3.60591818492185 -1.39372696051272 "G" 1
3.56672502146474 -1.8289771629644 "G" 1
-2.97340251476638 -1.4372890865968 "F" 1
-2.61214962624954 0.0487919941654311 "F" 1
-3.25780491488404 -1.66705622695908 "F" 1
2.10114849011557 -0.937910510450665 "G" 1
-2.53861944232868 -2.56524133037831 "F" 1
-1.25122278055879 3.35960359990308 "Q" 1
-2.72992874149828 -0.0920979312714706 "F" 1
-3.87936694735976 3.31301878097735 "Q" 1
-1.49537831822232 1.67036936493056 "Q" 1
-3.13311142904162 -2.70337701604135 "F" 1
4.30782562116343 -0.396820648580632 "W" 1
-1.72327369316062 -2.98111577759482 "F" 1
-2.21105652954065 -2.03110479461584 "F" 1
-1.68161795191363 1.48721495572766 "Q" 1
-3.48089665351367 -0.931848035909822 "F" 1
3.5045027455758 -2.68105796266314 "G" 1
2.7065360458134 -1.76211665348595 "G" 1
-3.33321389654771 1.82045333837764 "Q" 1
-3.37786806070628 3.06816561256466 "Q" 1
-3.66021873772919 1.09142338089012 "Q" 1
0.878763029342079 -2.07810881605355 "G" 1
-1.80325962220783 -1.15099254948748 "F" 1
3.24866749784738 2.7645737501711 "W" 1
3.3434269543607 -1.03418587198687 "G" 1
1.09463116548431 -1.44440261340796 "G" 1
-0.703060871121938 -3.31018115862634 "W" 2
-5.6452281099234 1.31242650597557 "F" 2
-6.75763683511566 2.34520342747089 "F" 2
6.25791713781673 1.63002808653831 "Q" 2
-5.46991126899567 2.60057888289156 "F" 2
6.25921191677704 1.75224222454871 "Q" 2
1.88512594488062 -4.00236983331897 "W" 2
-5.39233949776373 1.04995537908499 "F" 2
-5.72098140139424 -0.160731582769353 "F" 2
-0.83510244790134 -2.50866297748333 "W" 2
0.816048218411422 -0.0910701768698949 "G" 2
0.991671327181199 -3.31947315787675 "W" 2
-4.11044770893398 -0.202762000869885 "F" 2
6.72577491257679 3.37029883076354 "Q" 2
6.32277268491493 4.04656440251311 "Q" 2
5.03455969835688 2.05956109506419 "Q" 2
-5.85625208506285 2.40275908827155 "F" 2
-6.70172136020193 0.78995250873315 "F" 2
-0.461442814517039 -2.11558913950781 "W" 2
-0.770464145783829 -2.74448899257258 "W" 2
5.77352567981047 2.91245113710062 "Q" 2
-8.24975873949094 1.53759369472722 "F" 2
1.06252507274261 -0.913336026446124 "G" 2
-0.24011354217289 -4.83762671737775 "W" 2
5.1495238771616 1.8160098711191 "Q" 2
-4.78509518698352 1.73097704552717 "F" 2
4.6320425962642 -0.0274328815912359 "Q" 2
-0.192268545944199 1.44871115490812 "G" 2
-0.756861292019547 -4.35158472182395 "W" 2
5.9944496698595 2.05242067057083 "Q" 2
1.65241754795641 -1.92158575456125 "G" 2
0.0904902345132705 -1.4450320319162 "G" 2
-0.534587907599939 -3.46684464772852 "W" 2
1.65971160250229 -3.63674537016592 "W" 2
1.86953831590662 -0.110421405158308 "G" 2
1.93289761179855 -3.77923067069923 "W" 2
6.45945631797347 0.968058907613827 "Q" 2
2.18595462710069 1.26491836884511 "G" 2
2.07427303210598 0.916629010744809 "G" 2
5.75556172021235 1.21111837737865 "Q" 2
1.42183846758567 0.770703945510538 "G" 2
5.8997439550227 2.24630113306486 "Q" 2
1.01287913682481 -3.74621367075722 "W" 2
1.25282104876096 -1.01445935722581 "G" 2
-5.10496139550139 1.62406694209572 "F" 2
-7.17884234980672 2.46118857892892 "F" 2
-6.83802705309816 0.893009627235682 "F" 2
-7.48959504765796 2.40874265577915 "F" 2
0.637371427688607 -0.139813272652331 "G" 2
-1.01540417571555 -1.77681600500727 "G" 2
-0.946652860517503 -3.42222008122095 "F" 3
3.90674530913304 0.441424341670689 "W" 3
-4.66825035267965 2.71679000990978 "Q" 3
-3.43253223217856 3.29870443311321 "Q" 3
-3.60124001746219 -2.04690919362689 "F" 3
-2.27964645230514 -3.71021469336975 "F" 3
3.48729838839874 2.78559017598095 "G" 3
-1.83799392104845 -4.09446093877032 "F" 3
-4.31695301973485 2.09562699845676 "Q" 3
-5.57798288907213 -0.24869879104951 "Q" 3
-0.878013197399089 -3.58865190022298 "F" 3
3.16747963730523 2.95076882697352 "G" 3
-1.30851405594222 -3.56529449456478 "F" 3
-4.21074655127422 2.08856524858438 "Q" 3
3.81980374027279 -1.51121622447726 "W" 3
4.14621705089683 -0.175186294653298 "W" 3
2.76986988416608 0.797050391003893 "G" 3
2.54692892954876 -0.510604055190165 "W" 3
3.56571666460747 2.74098269054999 "G" 3
-2.67533705097595 -3.11864049269361 "F" 3
-4.23696459187037 2.5296907224419 "Q" 3
3.40885927895767 0.0654891072300874 "G" 3
-5.11319461046598 2.51427006791746 "Q" 3
-1.11498621082883 -3.3572960584405 "F" 3
3.87612391209741 -1.29124980106688 "W" 3
0.203846069747659 -1.30239921470132 "F" 3
-2.77660695876048 1.87455504306986 "Q" 3
1.5436758325844 0.213231973980135 "W" 3
3.68357460543851 2.05493884807568 "G" 3
3.18642158145832 -1.10751825410182 "W" 3
3.82203738374999 1.35833011286474 "G" 3
3.64733808110773 -0.458477681927668 "W" 3
1.69902626268513 -0.356794081229222 "G" 3
-3.34103625261594 -0.525387071603547 "F" 3
-4.30722250638344 3.15381209005305 "Q" 3
3.63192184531096 1.52206597125953 "G" 3
2.57208320168597 0.567610236797884 "G" 3
-3.28327109856824 -1.17554655311531 "F" 3
0.483468143411284 1.57805996424494 "G" 3
-1.66835479548397 -2.44660905468962 "F" 3
1.92184064101662 0.354607202171951 "W" 3
4.8238998033697 -0.452448684096851 "W" 3
-0.932564166637405 -2.56179562443954 "F" 3
-3.94640965840872 2.18405643613265 "Q" 3
3.93847286856854 -0.931719531138959 "W" 3
-2.68391659152893 2.49439394219702 "Q" 3
2.96804176657157 2.95648638366907 "G" 3
-1.36798441195856 -3.35467272756879 "F" 3
2.1500595112039 -0.558906720228612 "W" 3
-4.46437593919356 0.53581699983905 "Q" 3
-2.16143969247686 -4.18467518924994 "W" 4
-2.68869261703833 2.2968313312348 "F" 4
-3.86362544053774 -0.144094057413653 "F" 4
5.0717802053705 1.33475152686783 "Q" 4
-1.52455896566721 -3.64283114447563 "W" 4
5.54485339276921 -0.86168897287524 "Q" 4
3.86389069101552 -0.0410355959221458 "Q" 4
5.9849195351415 0.065936886026831 "Q" 4
-0.767597432907495 -4.07404876073278 "W" 4
-0.16272041418231 -0.236488095599789 "F" 4
-0.872875712036063 -2.93751427696639 "W" 4
-3.21612838804373 1.45795880152059 "F" 4
-3.57188823571746 0.905719675261013 "F" 4
-1.59197832156514 2.75780826228953 "G" 4
5.01401540589385 -0.220475107702059 "Q" 4
5.14892135259438 0.704890602007129 "Q" 4
-3.04092465688362 -0.610427812072712 "F" 4
5.61670600466785 -0.788396686728804 "Q" 4
4.76515730998981 0.397616030382511 "Q" 4
6.07883598744966 0.407927771545896 "Q" 4
-0.268488263605958 -3.26543769412269 "W" 4
-1.70781859079678 -0.129190788937496 "F" 4
-2.59829819040111 -0.0862841414734397 "F" 4
-1.01752939501178 3.01180620419874 "G" 4
-0.129528499514024 3.11424615291532 "G" 4
-2.53228029178067 -1.23327017164325 "W" 4
-0.791234078271346 2.20199342097174 "G" 4
-2.04223090472222 0.761638988853562 "F" 4
-4.4160843501621 0.866646871286852 "F" 4
-3.05118643990757 -0.368071001179568 "F" 4
6.3036202706608 1.01146243860347 "Q" 4
-2.26014199537324 0.371432464837506 "G" 4
-0.204830879807835 -0.207343868953341 "G" 4
-0.137643676349514 -1.61439107113591 "W" 4
-2.06909221723254 3.04820010975958 "G" 4
-2.33460067406806 1.50732837791995 "F" 4
1.07508010105315 -3.89776121781475 "W" 4
-0.385575125061381 -2.05253566299191 "W" 4
0.807179848297467 2.20113381445323 "G" 4
-2.11062532010899 2.47531706598064 "G" 4
-0.440614521707357 3.00214844940153 "G" 4
5.07957286508863 0.734787065146976 "Q" 4
-0.917503232182882 -1.3143209919991 "W" 4
4.6184462585531 0.12776792718001 "Q" 4
-3.9129196646812 1.21947697147467 "F" 4
-2.17253842622927 -3.20873378221848 "W" 4
0.793654331923665 -3.02159246322679 "W" 4
-0.855331959703577 2.83499989001327 "G" 4
-1.7471573457407 1.02383560608024 "G" 4
-4.200949640993 -1.70305415077775 "F" 4
-1.18081159225507 4.68996073473305 "Q" 5
-5.26758171238433 -0.926612312377178 "F" 5
-0.615272377549278 3.24390090898832 "Q" 5
2.06210086259014 -2.79807735674282 "W" 5
4.23016359447851 -2.40399369467139 "G" 5
3.0360804342896 -0.366649040361413 "G" 5
-2.71745115181894 2.51671659915791 "Q" 5
3.70498998720003 0.550955168442542 "G" 5
3.88249423774955 -0.333116216714209 "G" 5
5.79742446052105 1.35280451758355 "G" 5
3.57823812973339 -2.09585248642824 "W" 5
-4.80360066085943 -0.427310957518868 "F" 5
1.15759486175552 -2.63698642986826 "W" 5
2.08635643823613 -1.39527652541506 "W" 5
1.17481588153303 -2.79506797704865 "W" 5
-0.441902482299435 2.2959251494845 "Q" 5
1.09681563336689 -2.77595370341484 "W" 5
-4.80109565544488 -1.1763220468532 "F" 5
1.40706256861959 -3.19863658130104 "W" 5
4.08563719182044 -0.546260866849098 "G" 5
-4.73123626533168 0.626732162667405 "F" 5
-4.71230211836905 -0.0726284444009493 "F" 5
-5.04876383493486 -1.878378452278 "F" 5
0.227008420751684 4.60210403358007 "Q" 5
3.96490901852345 -1.5545014244663 "W" 5
2.58009114817933 -0.751901035252139 "W" 5
2.39662543657308 -2.00594485533036 "W" 5
-3.14926505549922 -3.2624431844174 "F" 5
-4.36709386146247 -0.812693447608678 "F" 5
-5.79459339031822 -1.34000620221962 "F" 5
4.10930069930982 -0.94756217176126 "W" 5
2.19149102654189 1.30198619532467 "G" 5
-5.12428312273638 -1.59860189324797 "F" 5
3.83366058278095 -1.13055021633963 "G" 5
-0.982894965839892 2.09672426547387 "Q" 5
-5.51026665487293 -0.857774815580164 "F" 5
0.773729851502145 3.67365119463927 "Q" 5
1.60457649268935 2.13852682782751 "Q" 5
1.16015253417678 2.8804995919021 "Q" 5
2.60232054003153 0.935202808546753 "G" 5
0.376981095008185 1.85498732401536 "Q" 5
-5.47135731920914 0.400138576505888 "F" 5
0.212454511296497 2.77788771220383 "Q" 5
-5.8220848157602 0.190086341529983 "F" 5
-1.33822482876062 2.0271589361043 "Q" 5
1.65281195462135 -0.948015985205292 "W" 5
-4.49542472493874 -0.799054546999753 "F" 5
4.54270664964216 1.14176422865808 "G" 5
4.11616290793508 -0.206257762355886 "G" 5
2.73074943918776 0.744717355658733 "G" 5
6.53033843757511 -1.60175316306131 "G" 6
7.25044943998209 -0.42850064840511 "G" 6
-4.90673364733745 -3.67998119877216 "Q" 6
-4.21393810457778 -3.47677216772462 "Q" 6
-4.83848260623523 -2.15889634861568 "Q" 6
6.63589561968044 -0.940429913094663 "G" 6
5.13868396968851 -1.35467058368911 "G" 6
-3.08922421842327 3.14767647025713 "W" 6
7.23461589915865 -1.00723512770156 "G" 6
-0.560352667374557 -0.196459667444657 "F" 6
-4.08643022712099 -5.49746896265917 "Q" 6
-5.4946879854515 -3.35679130124012 "Q" 6
5.73015070964551 -1.09653309164482 "G" 6
5.55939018282185 -1.68979142172573 "G" 6
-3.87519756466947 2.52450886568649 "W" 6
-0.221528246898068 2.99358992177317 "W" 6
-1.94678046040924 0.780099917205969 "F" 6
0.448973515505457 3.20824678700186 "F" 6
-0.458147069475271 -0.0228243253330211 "F" 6
7.67465065528496 -0.928376668301282 "G" 6
-0.408248571062327 1.15198593195931 "F" 6
-1.03308239652861 2.85690680422429 "W" 6
0.341002533804546 0.816918787503632 "F" 6
0.574712827122995 0.484616938635695 "F" 6
-3.46187816476918 -3.39802149422202 "Q" 6
-2.90448597537165 2.46701536067843 "W" 6
1.882719033475 -0.677598126356483 "F" 6
9.34317363502732 -1.23279101960068 "G" 6
-0.529262789920905 4.15076905231364 "W" 6
-5.24374074874696 -2.59188657199253 "Q" 6
0.446165292752719 1.21332793615621 "F" 6
-1.02249759116437 3.00434263481579 "F" 6
-2.71279550135948 2.13070913984576 "W" 6
-5.02363316559821 -1.05723464592599 "Q" 6
-0.403789855064459 0.248089250796241 "F" 6
-3.79200402153383 1.86297943676713 "W" 6
-4.20958489293356 -3.45621562552472 "Q" 6
-1.52298095729395 2.80235268839374 "W" 6
6.22489550318502 -0.522838197247444 "G" 6
-4.82971611235486 -1.0392143177467 "Q" 6
0.282029197153671 1.32011137029574 "F" 6
6.89405007715991 -1.40591437580134 "G" 6
-1.33784855421087 1.60615503201569 "W" 6
6.49582900325621 0.138986071153496 "G" 6
-2.61460769422187 2.79812849445738 "W" 6
-0.390678603126519 0.0584488292932748 "F" 6
-0.762503615142924 3.32904721922159 "W" 6
0.3557300612856 0.100943173613357 "F" 6
-5.10399964647453 -1.41374828549794 "Q" 6
-4.04461393871363 -0.964008864736155 "Q" 6
1.10686499042243 -3.9634523572874 "Q" 7
-3.93178427751401 -1.56734761506102 "F" 7
-0.992546283407869 4.78084951444285 "W" 7
-5.02415557005648 -0.38451035728697 "F" 7
2.47274133743563 -3.96031240335619 "Q" 7
3.86242186857841 1.68810849611813 "G" 7
-0.830449502392389 5.48681331440471 "W" 7
2.30564894150885 -5.04658840594387 "Q" 7
-4.28071344426298 0.0325095984108499 "F" 7
0.339031355410951 2.32804085166995 "W" 7
2.0963037811492 -4.05149631675042 "Q" 7
4.8050613972101 2.30442808515792 "G" 7
-4.76109136193553 -0.420686279002324 "F" 7
-6.90431734180874 -0.15779912242455 "F" 7
3.26090533278481 2.1047590927532 "G" 7
4.1616281331534 0.974771091205432 "G" 7
1.31950000488589 -5.19751992535684 "Q" 7
0.698420125661498 4.32785930940017 "W" 7
-7.42277382683994 0.260417819436176 "F" 7
-0.854465100451764 2.63665650671862 "W" 7
-5.27314649211691 -0.680955798072072 "F" 7
3.89651581272771 -0.7514372230595 "G" 7
-5.41060042490266 -0.0609195639048159 "F" 7
0.918765899955119 4.56693503504627 "W" 7
0.822375262181685 2.99701995803506 "W" 7
5.6339023578159 3.95474801820379 "G" 7
2.58845617957847 -4.90594234954108 "Q" 7
-6.3728629660176 -1.13629462988711 "F" 7
-6.46385326236971 -0.603669864471763 "F" 7
4.86008541134292 1.65280748483878 "G" 7
-4.19823509212606 -0.352171077765589 "F" 7
1.60298123989639 -3.7428826836346 "Q" 7
-2.40407214653165 4.31901600233238 "W" 7
2.03673073483045 2.46919334943955 "W" 7
-5.47936702662242 1.02970702746802 "F" 7
-4.55505284233234 -0.0867720537325393 "F" 7
1.07553898450378 2.1808164389537 "W" 7
2.8672426179643 -3.79530259437319 "Q" 7
2.26281816372688 -5.58014202651057 "Q" 7
-6.32677351322006 -1.54411950104078 "F" 7
2.19660015400849 -5.17146913679094 "Q" 7
2.29036135721875 -4.42900871585558 "Q" 7
5.38044272238462 1.31032416258444 "G" 7
4.19102217646047 1.38317389035577 "G" 7
4.45355288295329 1.0545970411888 "G" 7
0.960045398656337 -4.84006821165934 "Q" 7
1.1819720447669 2.74496684326837 "W" 7
0.0222037055946 4.47807339079272 "W" 7
3.64446417044095 2.50338976458374 "G" 7
2.17165592970006 -1.1391138740404 "G" 7
0.96815178772424 4.4994188983511 "F" 8
-0.794041872059508 4.32872338029057 "F" 8
-1.20006986289116 4.32249863787316 "F" 8
-0.6155978846221 4.37422726314362 "F" 8
-1.61962327368678 4.48940600853544 "F" 8
-1.79491999370059 3.83875181392286 "F" 8
-1.31971548709782 1.9429952039265 "F" 8
-1.82715970565878 2.93447316528649 "F" 8
-1.08482745333787 4.25604205147045 "F" 8
1.24550607947281 5.48180369829806 "F" 8
-0.820573511854168 4.53291561429076 "F" 8
-1.18918957419895 3.87445142551258 "F" 8
-2.41518550772325 1.73639213518735 "F" 8
-1.05793049812408 2.62634677056823 "F" 8
-2.52561769917437 -3.80038430092904 "G" 8
-4.51060054175674 -1.44165156501898 "G" 8
-3.81200238885268 -3.9360116510199 "G" 8
-5.57332385600765 -1.74859830802004 "G" 8
-2.95750321550663 -2.43185239297451 "G" 8
-4.38949380008698 -1.75720991751931 "G" 8
-3.56545555969497 -2.2122180240131 "G" 8
-4.19846550284072 -1.41196730532153 "G" 8
-5.11692840678894 -2.03073536620285 "G" 8
-3.94175391503607 -1.80054406310098 "G" 8
-4.74744207619558 -1.39727914287185 "G" 8
-4.43559583999505 -4.1598056516557 "G" 8
3.13839143989768 -1.36489950452686 "Q" 8
1.89620235080925 -0.461071475025823 "Q" 8
2.24057947282991 -2.30970867696218 "Q" 8
3.73526256296963 -2.57102807115243 "Q" 8
1.93455570709702 -3.19219436768895 "Q" 8
3.53771714787117 -2.39516543406272 "Q" 8
1.82545692814802 -3.03297333878573 "Q" 8
2.0328840799013 -2.78245420356465 "Q" 8
3.86387008345834 -3.35137377710697 "Q" 8
4.29296922791032 -4.30837685495504 "Q" 8
1.27279368904812 -2.92676014525351 "Q" 8
1.55979526967708 -2.44003974151432 "Q" 8
1.39019182698633 0.339245015259799 "W" 8
1.59460504749809 0.259235822071857 "W" 8
2.10277452594963 1.16716056022423 "W" 8
3.84618315649528 0.430754785627727 "W" 8
3.48549432687102 0.291770010240429 "W" 8
2.55859090408753 -0.600782811488245 "W" 8
2.92500879738505 -1.13352672434378 "W" 8
4.39634591145153 0.0213374161031945 "W" 8
1.54864394828478 1.98135931399062 "W" 8
4.24106576404966 1.73122262050206 "W" 8
2.12926243854516 1.02823611878424 "W" 8
1.75071495247251 0.509845085617806 "W" 8
-3.88142798069625 -1.48192742575142 "F" 9
5.09764864382912 -3.04561115965475 "G" 9
3.0347971593358 -2.75009853249945 "G" 9
-3.551086974166 -1.69192852119553 "F" 9
-3.33007584528814 -0.18694638630472 "F" 9
-4.9097370793247 -2.02464573217602 "F" 9
0.884879796259344 2.21343853928876 "Q" 9
-0.865562576489218 2.08359177407031 "Q" 9
0.974744324826395 2.33748367646901 "Q" 9
-0.650275592306819 4.87964839033568 "Q" 9
0.612917780353478 1.10120591084394 "W" 9
3.03580363717574 -3.26396256744821 "G" 9
0.0412135484783629 0.910483347159549 "Q" 9
0.835941329177469 0.408694865595892 "W" 9
-3.67606146120615 -1.25109498262519 "F" 9
4.35545054323102 -1.71810070969575 "G" 9
0.438982245561004 3.04083718525768 "Q" 9
0.261825411652577 3.4396113170152 "Q" 9
3.02224036160905 2.49664194595507 "W" 9
-4.49071078459646 0.512964036676935 "F" 9
2.1216995295878 1.15885300579878 "W" 9
2.45447304133492 -2.20907783793375 "G" 9
-0.123523473643521 3.4940018869988 "Q" 9
-4.66187137559896 -1.8504781340666 "F" 9
2.57400651762116 -2.66177518756245 "G" 9
1.81368242004854 -0.85921286224929 "W" 9
-0.538801160618145 2.56076776405079 "Q" 9
2.68976200893301 0.367647452175833 "G" 9
-5.50336440673902 -0.781954510912366 "F" 9
4.75203721775744 -3.04556840246708 "G" 9
-1.43871998119629 1.97016270380741 "Q" 9
3.311431931586 -0.0809079053066714 "W" 9
0.43372694518238 -2.75470184237464 "G" 9
-2.46780208754513 -0.311057806643564 "F" 9
5.1224978355609 -2.99181556729859 "G" 9
-4.04928612711523 -2.37709965799321 "F" 9
1.97245724567286 -3.34731827506269 "G" 9
1.29144224619339 2.6021433964875 "W" 9
2.06604386324439 -2.14512049568188 "G" 9
0.210590421298332 2.68130350498165 "Q" 9
2.23366529208018 2.83727096678005 "W" 9
2.17957283514079 0.426632197233378 "W" 9
0.546780875181699 4.06771247409978 "Q" 9
1.8553144871507 0.0746284364640409 "W" 9
-3.7613141551063 -1.55546656628713 "F" 9
1.90275560407171 0.801674545883975 "W" 9
-5.65467854530791 -1.18043900551742 "F" 9
-4.95123040209568 -1.07160445037967 "F" 9
-4.98094346650938 -1.16858705913767 "F" 9
1.35808837641366 1.3391022607957 "W" 9
5.62313453283046 0.33412796761114 "G" 10
1.78220715347938 -0.689415859895623 "Q" 10
-2.50303970524022 3.84429452459695 "W" 10
-4.57792293968734 -1.28786962816398 "F" 10
-1.23051225645323 2.69425645855964 "W" 10
-3.90115851109138 -2.27341048495602 "F" 10
5.63919835870511 -1.85477341887198 "G" 10
5.9914539100342 -1.17071647279259 "G" 10
6.47646094733572 -0.0773407822412404 "G" 10
-4.06282180896525 -1.9184134695042 "F" 10
-0.789815314351345 -1.31372554980272 "Q" 10
-3.32932068863951 -2.66611936754743 "F" 10
-1.76985950395043 2.69471077883814 "W" 10
-2.4182829010091 2.48786988964652 "W" 10
-5.07385155418314 -3.40744671168811 "F" 10
-5.68672714464996 -0.658190163191653 "F" 10
0.753642919333799 -2.6311170456351 "Q" 10
-2.41527991375453 -2.27508058063775 "F" 10
-0.22032472646624 -1.05991034129666 "Q" 10
5.49535301919386 0.494791828219103 "G" 10
6.89872977494052 0.472324768457536 "G" 10
4.96105373742659 1.47209989981097 "G" 10
-3.66096952514113 -1.71466516028398 "F" 10
6.13828815145976 1.05095613389496 "G" 10
0.561911712309236 -0.42343084368068 "Q" 10
1.02101880053996 -2.07271387310444 "Q" 10
-0.243988507120007 1.57777250271503 "Q" 10
0.337416006438837 -0.942070990605034 "Q" 10
-0.458750373974704 -1.79583154924151 "Q" 10
-3.23996538213039 -1.93091491622516 "F" 10
1.15217316370079 -2.05495419615125 "Q" 10
-1.65614223088181 -0.95374889897362 "F" 10
4.95959872325007 -1.39371447007506 "G" 10
3.32571508463504 -0.86878400217344 "Q" 10
5.38331899822171 -0.758926159339069 "G" 10
-1.83373194619874 3.25645058278907 "W" 10
-4.1865089107552 -2.0467697057839 "F" 10
1.28838480364689 -2.31597515584941 "Q" 10
-0.513349128331267 2.17234979268507 "W" 10
-2.99684384333334 -1.19219306082961 "F" 10
-1.43949514378916 3.74753153964814 "W" 10
-1.89044307440897 4.51726456851422 "W" 10
4.19168529259749 0.0585450255049813 "G" 10
-1.87608389086561 2.96223398604397 "W" 10
-3.70263861440123 2.63434712904838 "W" 10
-5.47484502894957 -1.66417025266972 "F" 10
-2.97151997240872 0.363796589301935 "F" 10
-1.93716124137726 5.4810125271553 "W" 10
-0.607165893885523 3.1264211156131 "W" 10
4.68777458631481 -0.030764497443192 "G" 10
1.18791078270392 3.92274935578607 "Q" 11
3.19636997965627 2.9897109133608 "Q" 11
3.37587011067775 -1.90800084706857 "W" 11
-3.78224876259626 -0.158759490028766 "F" 11
-1.91845051576778 0.838978880928484 "F" 11
-4.25450977271626 -0.0628416856956965 "F" 11
2.70182769896261 2.02279085329299 "Q" 11
3.44143270200903 -3.56121779654088 "W" 11
0.864597144431957 -2.07902452676894 "G" 11
2.74939413274594 -2.30092833541126 "W" 11
-5.87475914656433 0.653546710822292 "F" 11
2.94912893082977 -2.78759589801257 "W" 11
2.94605663328919 1.50721604086772 "Q" 11
2.14736889045434 -3.56745160382135 "W" 11
2.06107174064533 2.60947740039234 "Q" 11
4.76416311291747 -1.27636077142445 "W" 11
-4.44727887885702 -1.37525954086668 "F" 11
0.562262061048384 -0.320011262970155 "G" 11
3.04188605201825 -2.49248640094679 "W" 11
-0.774038804688413 -0.960992774687885 "G" 11
1.11012695306316 3.79158340895649 "Q" 11
-5.55293866695544 0.973896414800742 "F" 11
-0.15131210502116 -1.17159302684551 "G" 11
3.27098822836848 -1.99083226825411 "W" 11
-1.27550828387115 -0.584362791217728 "G" 11
-2.36351936100301 -3.11265208089264 "G" 11
2.93273682144933 -1.45703866469524 "W" 11
4.56961372966963 0.539430688279917 "W" 11
-0.709385967904388 0.0313693669866962 "G" 11
0.284902619021885 -1.80102293004708 "G" 11
1.85124534016515 4.11078517455695 "Q" 11
-4.63009094918645 0.448467926219807 "F" 11
0.734755831924206 5.02805491782978 "Q" 11
-2.49237010040384 -0.718129077385525 "F" 11
-2.99812355362492 -0.423296038428363 "F" 11
2.14224741884309 1.63784417945443 "Q" 11
-4.17441631835045 0.179675742099031 "F" 11
-4.08850997769781 1.13120455353251 "F" 11
-0.274138462081301 -1.46248529268636 "G" 11
2.00376912495243 3.84164408026332 "Q" 11
-3.33500500124764 0.887982518481917 "F" 11
1.15899936013303 3.66413118563677 "Q" 11
2.59538967193585 3.25939380905988 "Q" 11
-0.92786450227724 -2.21757398315349 "G" 11
-2.88346379962143 -1.39226444471844 "F" 11
-2.73241465485937 -2.31729086768414 "G" 11
3.05101043370092 -1.68680586019394 "W" 11
-5.83203693712111 0.841742116319023 "F" 11
4.40758976944626 -1.0240881971067 "W" 11
-0.630330752646889 -0.701309780374747 "G" 11
-2.92401652645808 2.40326291915958 "G" 12
-3.0770305540514 -5.55460455809736 "W" 12
-2.53950100660483 1.98507168353263 "F" 12
-2.07418566332063 2.96665477483859 "G" 12
9.04595955768146 -0.580276237356876 "Q" 12
-2.90746873048432 2.2716747315228 "F" 12
-2.71777471088068 1.75906828960142 "F" 12
8.04422894992951 0.627488315656589 "Q" 12
-3.25693363297442 2.56217299673635 "F" 12
4.42528992782402 0.34245772328367 "Q" 12
-1.33344106154545 4.06572887162812 "G" 12
-1.81250685598818 -5.37727955274841 "W" 12
-1.50871164612745 -4.82337694197893 "W" 12
7.73307941435283 -0.534367282934745 "Q" 12
-3.80420671004411 1.83935234474493 "G" 12
8.79135326778129 0.768282193315649 "Q" 12
-3.69919200902534 2.51994246305974 "G" 12
-1.20394419977183 1.68804338593674 "G" 12
-3.97466314462645 1.91251763385564 "F" 12
-3.97143684158293 0.920024449980473 "F" 12
-4.7748997711883 1.42726950857678 "F" 12
6.73582429614576 0.638502320647802 "Q" 12
-1.37944711969897 -3.86395937867972 "W" 12
-2.2517330453397 3.72309248480843 "G" 12
-1.92221242627462 -5.08994235485511 "W" 12
-1.20086734189931 2.99344377307478 "G" 12
-1.14786913370973 -1.75282841239892 "W" 12
-2.1629101691265 1.68967194930563 "F" 12
-1.579511248625 -0.215660662983973 "F" 12
-2.72873970607017 -5.26604584415259 "W" 12
-1.4191308848067 2.43207856014326 "G" 12
7.83561366727476 0.663293510159187 "Q" 12
-0.95551581651953 -4.03579679427364 "W" 12
-4.40909513355785 0.867468940864487 "F" 12
-1.66546672398774 -4.60608658687123 "W" 12
6.01330950710563 1.27220758850224 "Q" 12
-3.3757916143739 2.50949680594037 "F" 12
-0.238946055820054 -4.53796451427926 "W" 12
-2.33683549940818 2.10856352201358 "G" 12
8.58202098222366 -0.606406828906497 "Q" 12
8.4356209248429 0.496944883183445 "Q" 12
7.74423933360029 0.250110913955237 "Q" 12
7.89517594997727 0.97932972664063 "Q" 12
-1.8256440782292 0.589556000654868 "G" 12
-3.4104457658869 1.07686586855072 "F" 12
-2.35145981436559 -5.62430079736383 "W" 12
-3.15817454802009 3.87712126473335 "F" 12
-2.43662340330919 -4.20752163624145 "W" 12
-0.999910891844048 1.46048116202057 "G" 12
-2.745472293192 -1.01082317650571 "F" 12
-1.68706008877802 -5.69040263169737 "G" 13
3.00601301008802 -0.0196933800482958 "W" 13
5.15138605751013 -1.49909333687621 "W" 13
-2.88003710644018 1.50336592172592 "F" 13
0.0504847429421935 1.61161218348557 "Q" 13
-0.0178038494875423 1.71659928810656 "Q" 13
-0.0504988702832954 0.858907897008464 "Q" 13
-1.92230694020807 -3.07426838327709 "G" 13
-2.48474641176679 -4.17740828480693 "G" 13
4.9400223301759 1.36267220111822 "W" 13
3.20780580465982 1.74969639380854 "Q" 13
-2.2969911528417 2.12784258353433 "F" 13
-0.0680530774360856 3.14100750783022 "Q" 13
-1.15813217495133 -3.11371051212813 "G" 13
0.69152499273731 1.79961899063387 "Q" 13
4.64290067170508 -1.4561524425714 "W" 13
3.64063712557956 -0.350588095169208 "W" 13
-3.36139444060101 2.21068826716539 "F" 13
-2.68088923559596 0.206861554358561 "F" 13
-0.02629860679243 2.34555498636068 "Q" 13
-2.78714978492129 2.3625976478756 "F" 13
-1.9472053212239 -2.72598577128133 "G" 13
-2.86822300872603 1.57090131330653 "F" 13
-2.13749137455368 1.268259083064 "F" 13
-1.92302298251352 3.12117183176388 "F" 13
-0.988813622950525 1.09022389294369 "F" 13
1.45272862024723 0.29590402884941 "Q" 13
-2.11101997829295 2.31094495760922 "F" 13
-0.444459838526739 -3.22598662273302 "G" 13
-3.80395927994019 1.72330665215324 "F" 13
6.04239558865542 1.10863034120101 "W" 13
2.70971468230079 -3.1251195210837 "W" 13
-1.30180824184365 2.5018226152814 "F" 13
1.08528945603782 -0.231501398433494 "W" 13
0.739695021503725 0.735087999266256 "Q" 13
-2.13044881269282 -3.57489715363444 "G" 13
-2.13867898104236 -1.72993141627935 "G" 13
-1.00125241589655 -4.30091349655767 "G" 13
-2.43642368477852 -1.98547773025511 "G" 13
-1.25472310317988 2.05463634673908 "Q" 13
3.97128872191045 -0.598439541829429 "W" 13
-2.14314949960775 1.5979883043921 "F" 13
-1.1558334476983 -3.78546680350404 "G" 13
4.69875525842285 0.57276672833523 "W" 13
0.447368138493541 3.07848262481253 "Q" 13
1.6972142390934 1.53017990185143 "Q" 13
3.65760552637757 -0.827718606235355 "W" 13
-2.00889635276491 0.967262699714795 "F" 13
4.30289391959654 -0.957883457457878 "W" 13
-2.91895222170156 -2.07395615843615 "G" 13
2.26110820962107 -0.0426501089595652 "W" 14
6.79333914516338 -1.52134140012032 "Q" 14
-4.17459831924464 4.48923420327312 "F" 14
-3.76502203604773 3.30355213184106 "F" 14
5.56806554600099 0.0747281868731871 "Q" 14
-3.04180594024993 5.08705499626856 "F" 14
1.85133046941559 1.83709170490793 "W" 14
6.58735486008971 0.260595529862267 "Q" 14
-2.81748108713857 4.30342434885239 "F" 14
-4.52459086719612 4.51539597233523 "F" 14
-5.19569087953614 -6.40486294581891 "G" 14
-4.37600230286742 3.85041932135293 "F" 14
-3.41945816951587 -4.28092975040173 "G" 14
1.24298522149826 1.83606030680734 "W" 14
-4.88341298617843 4.75116204010175 "F" 14
-4.22569871106278 3.63451980831014 "F" 14
-3.92386961085955 -4.26478139716535 "G" 14
3.36024434137234 1.66969593750666 "W" 14
1.13112441853701 0.0520178523521849 "W" 14
-4.612884542121 -5.28315998527845 "G" 14
2.43892064777105 0.0967138963765754 "W" 14
6.8025971304681 -0.569948885415889 "Q" 14
6.92907607409637 -0.666106911611934 "Q" 14
-3.37114971330612 -6.74128571429231 "G" 14
-3.70951929878511 3.81882002960935 "F" 14
-4.47059760887647 2.37171369882252 "F" 14
-2.18708003976757 2.45265674923867 "F" 14
0.471260794919696 1.11753812819002 "W" 14
5.63523026428504 -0.325370630993108 "Q" 14
-3.05426107145982 -5.28792329024946 "G" 14
-3.66388062257828 4.40111315594082 "F" 14
5.34209659415457 0.546949373321649 "W" 14
1.69284914451681 3.16244664259033 "W" 14
-3.46287415419568 3.86449108836471 "F" 14
-4.66912654236613 -5.78149288944302 "G" 14
5.72880037276345 -1.03005361251925 "Q" 14
6.69693281058618 0.526730385317295 "Q" 14
4.54499257332912 -1.11458602181748 "Q" 14
-4.75230961689414 -3.40407867508073 "G" 14
-1.96109788132694 4.63291660618566 "F" 14
1.25280991132055 1.45760630441988 "W" 14
6.76470362902751 -1.63855894213462 "Q" 14
0.144299620126588 -0.0506659722274488 "W" 14
-3.60182382515532 -4.40507360193769 "G" 14
5.0592179486885 0.498869072733873 "Q" 14
6.00041264068162 -1.59814006155467 "Q" 14
-2.77292627692524 -6.56128720927284 "G" 14
2.23731333849988 -0.519047756144692 "W" 14
-3.2343565324757 -4.21092093743541 "G" 14
-2.6655470708026 -2.91125077188113 "G" 14
-0.838411217111335 -1.40528800056243 "G" 15
0.0186096132373555 -3.07590424869683 "G" 15
2.27262120144354 4.32633976126703 "W" 15
-0.450143208951496 -1.83854258879196 "G" 15
2.67050208465563 -3.5302129495853 "Q" 15
-4.9617032061437 0.464095683234793 "F" 15
-4.47873859271194 1.78731486627462 "F" 15
4.23208132145433 -1.73931862951237 "Q" 15
1.67284105413654 2.41818064416719 "W" 15
0.328762675664493 3.0491857045108 "W" 15
3.60852367014337 -0.684302235269444 "Q" 15
3.75392994077462 3.51316627555277 "W" 15
-3.42878626751304 0.857349124725248 "F" 15
4.83342115263904 -0.617584393281617 "Q" 15
2.04351846987127 -0.622914898238779 "Q" 15
1.07363183972782 4.58192422195108 "W" 15
-5.70123609094007 0.984755996596894 "F" 15
2.76966038334904 1.27432102644313 "W" 15
-1.43418523409648 -0.639268421382695 "G" 15
2.57507486128019 -1.55344209078182 "Q" 15
0.188504144253737 -2.79421529963548 "G" 15
2.38862617519247 -1.38272523189012 "Q" 15
1.68115833169107 2.75391320060066 "W" 15
-0.419407456213137 -2.6029361274805 "G" 15
-4.61915321555166 0.0803033368236296 "F" 15
2.71239193935807 -1.28634899795774 "G" 15
-1.46095870457978 -1.72591112138093 "G" 15
-5.855235115138 -0.357448513815655 "F" 15
-3.65166998300686 1.04777682063112 "F" 15
1.21603900904014 2.51055267956668 "W" 15
-2.87058420089305 -0.367358004488824 "F" 15
-0.489369581277948 -4.05610524401328 "G" 15
2.70876157753732 -1.31514741294862 "Q" 15
2.95052157165835 1.69994795596142 "W" 15
1.96316308454033 -1.81607809157209 "Q" 15
-5.30980544596374 0.779153077434824 "F" 15
3.5439323192872 -2.55214846852395 "Q" 15
-3.93997569602175 -0.342773366770014 "F" 15
-4.30036246561519 -1.27071911524348 "F" 15
-3.16633664090083 0.32636797985855 "F" 15
2.78245286750935 -2.9465501068297 "Q" 15
3.16143888463205 4.10688012434663 "W" 15
-0.525021998030501 -0.646990828890506 "G" 15
-3.0501803933971 0.761906240759547 "F" 15
2.77983015337822 -0.438380025597927 "Q" 15
0.398865187946589 0.084279821362941 "G" 15
2.87779106115697 2.77107556943361 "W" 15
-5.32808916392269 0.612107290629198 "F" 15
2.80197012659335 1.99290054183775 "W" 15
0.270729175827927 -1.17518353082805 "G" 15
-1.6374475001811 2.9993501358897 "Q" 16
6.64565139775208 -2.21167488534172 "G" 16
6.09105908642044 -0.786264585975705 "G" 16
1.35136746547729 2.03328634281456 "W" 16
-4.82878605264056 -1.06435937861111 "F" 16
-1.69746205482837 2.13421063336972 "Q" 16
-1.28070262325957 1.62666875058654 "Q" 16
-2.19176103060336 0.939388983349624 "Q" 16
6.01579090736751 -0.875825425578666 "G" 16
-6.75471571427062 -2.20427038900705 "F" 16
-2.35127187948101 2.09223690014382 "Q" 16
-3.50987837358857 -2.32029755009484 "F" 16
-1.42484715429305 -0.085196838824039 "Q" 16
0.304766841790407 1.07829236739537 "W" 16
-4.93656440880701 -2.77704855204647 "F" 16
-3.60087334305052 -2.73751834778852 "F" 16
5.32743103331383 -1.7760567562675 "G" 16
-3.91290691347787 -1.22983488103085 "F" 16
-3.51241353855436 -1.71569060141214 "F" 16
5.57138403587349 -1.6746844736002 "G" 16
0.744483813234273 2.72986697535604 "W" 16
-0.0441629291148933 1.31231454166624 "W" 16
-3.8350232620576 -1.37011489250893 "F" 16
-3.17897689023416 -1.64691726401288 "F" 16
-2.52566672998929 1.69626297794081 "Q" 16
-1.87000017020769 -2.87263622860513 "F" 16
-2.10192825537039 -1.72719844079808 "F" 16
4.47678568209242 0.0370029734810111 "G" 16
0.11054751260385 1.48823975114948 "W" 16
0.300530002743331 3.43084789800175 "W" 16
5.75929273119209 -2.31186299233417 "G" 16
-1.66700450190069 -0.00421038388644671 "F" 16
4.49281846929736 -0.705698772460438 "G" 16
-1.10945302872703 1.8512022465589 "Q" 16
0.273955095251713 3.37444569685488 "W" 16
5.39709195411792 -1.81617399279049 "G" 16
-2.9893720946173 0.5461957002586 "Q" 16
-4.2755423192222 -1.16605824771251 "F" 16
-4.12242840325605 2.40731549144723 "Q" 16
-1.57657204199821 -3.712892411922 "F" 16
5.29701518447878 -0.482210340891084 "G" 16
1.40879559026513 2.39284683316584 "W" 16
0.276392317119914 1.10960736081728 "W" 16
0.723688986994981 0.785605604778606 "W" 16
-0.357514749338095 0.219890380702307 "W" 16
1.40756161936694 1.31771541573057 "W" 16
-0.50954837528311 2.39005261226006 "Q" 16
6.47690999336312 -0.118441600777066 "G" 16
5.66646335842077 0.260448572850455 "G" 16
-2.31695874018488 -0.860156912291359 "Q" 16
0.531889202608464 2.86354392279278 "F" 17
-1.20687490664433 0.660851865076745 "G" 17
-2.95483778480739 -3.41553390063217 "Q" 17
-1.1694454980812 1.97624292092756 "F" 17
-0.204692978945852 1.15119801617051 "G" 17
4.13448359380747 -1.00288119617819 "W" 17
-1.93532419643594 2.40511475725884 "F" 17
-1.74194570976972 1.2183785153022 "G" 17
-0.91036101015989 3.61351640685233 "F" 17
-2.66718502022949 0.542950339642472 "Q" 17
-1.11420610815468 1.88693180123714 "F" 17
0.113106519551584 2.32301410693008 "F" 17
2.67400698050644 -1.7443580800587 "W" 17
-3.08804351875254 -3.26726979804106 "Q" 17
-3.46765059627525 -1.92722557177365 "Q" 17
-3.96969665730319 -4.04670262938663 "Q" 17
-3.91456949780458 -1.34810957558922 "Q" 17
-0.847111207749599 -2.67131613076797 "Q" 17
-0.818420150668257 2.66976197765878 "F" 17
4.59708485470318 -1.07311455047378 "W" 17
0.62054763062143 3.36157493141148 "F" 17
4.12870164730416 -0.22356657989658 "W" 17
-0.819842790188087 3.52587469726088 "F" 17
5.26087611375274 -1.79142247054006 "W" 17
-2.49190592320635 -3.14476014535254 "Q" 17
0.0362705382654191 -0.142959914664908 "F" 17
-1.71054277945364 2.27893958682857 "F" 17
-0.380769069486755 1.06841024305456 "G" 17
0.699235468596377 1.5396409122687 "F" 17
5.23668836510014 -0.0722856936320318 "W" 17
-0.114286721433777 0.3803281106734 "G" 17
-0.582372206895488 -2.53460998815924 "Q" 17
4.13368452844935 0.490136371271468 "W" 17
-1.03259247465789 0.641182217667975 "G" 17
-1.62904610445566 0.880988653741853 "G" 17
3.26361555675123 -0.407634637651329 "W" 17
-4.51716125002488 -2.12039057524501 "Q" 17
-0.664501248652632 -0.272893787723408 "G" 17
-0.575302408015026 2.86489668290699 "G" 17
-0.376004194883878 -0.164025463266906 "G" 17
4.46589231641755 -1.01293066380514 "W" 17
5.50325660618009 -2.20407308767567 "W" 17
2.64232478068536 -2.68820300440932 "W" 17
0.0547081518252861 0.470989550152514 "G" 17
2.2016135162022 -1.39971975329802 "W" 17
-0.57475136285146 1.82285660726576 "F" 17
-1.50330686859578 0.305803490239119 "G" 17
-2.1981900161582 -3.27677769781625 "Q" 17
-0.730643976146774 -2.5161468521807 "Q" 17
-0.386402134440388 3.52578506362583 "F" 17
6.44320842009938 -2.93254889640013 "G" 18
-6.55588139573485 -1.88737982884782 "F" 18
6.56764334107673 -2.05409792767155 "G" 18
6.90208346268749 -3.01104806799729 "G" 18
0.422681772591545 4.27731913685018 "Q" 18
-7.3057737267684 -1.9811642422385 "F" 18
1.97372576716675 4.74283420921943 "Q" 18
1.53842511404609 -0.211858915932518 "W" 18
0.935221401145364 -2.32151254797576 "W" 18
1.14723571209734 2.93171447369173 "Q" 18
-8.90307249634689 -0.662054692004481 "F" 18
-7.40510710456242 -0.567969943840603 "F" 18
2.2338425617751 -0.796305890155779 "W" 18
0.968185517723038 1.22663025527595 "W" 18
0.814478398228968 4.00291099075637 "Q" 18
-8.7716900190654 -0.977818612744556 "F" 18
-6.93143468774261 -2.41066361520203 "F" 18
0.0801371426537834 -1.24132874359352 "W" 18
-7.60159854893237 -0.025776968702857 "F" 18
-7.71239843543484 -0.0666473713492648 "F" 18
7.44981327583973 -3.01221798762775 "G" 18
0.90061716439192 4.23738484582748 "Q" 18
7.34830035963369 -3.50713901541553 "G" 18
-8.06092509231556 -2.27634394443566 "F" 18
0.263248756690415 4.16118847644296 "Q" 18
1.13960436463256 1.47686703749668 "W" 18
1.20235088602071 3.23414433921936 "Q" 18
6.04640641905856 -0.668349882697206 "G" 18
4.08795124949632 -1.84432787364542 "G" 18
1.23470939195364 2.55009732322079 "Q" 18
-0.0925708220710096 3.35591226166904 "Q" 18
1.88859463487377 2.21376133184665 "Q" 18
6.46551854154802 -2.41553307238582 "G" 18
10.0337824554233 -1.67889677096107 "G" 18
0.790816950074391 3.6281854809923 "Q" 18
-6.45206062508448 -2.52991008458014 "F" 18
1.55611699518624 -0.404085733165443 "W" 18
1.29072061461163 2.53119781581038 "W" 18
1.78747026771075 0.594224936732967 "W" 18
2.07744249015235 4.97754254039387 "Q" 18
-7.3046460351444 -0.56406911420993 "F" 18
0.746155639552899 0.102218441796868 "W" 18
1.02243003021348 1.51000315552921 "W" 18
-9.04081804589848 -1.9676201271499 "F" 18
6.70636809961688 -2.77828798955324 "G" 18
6.46068656673618 -1.65225183743643 "G" 18
-5.64388634019269 -0.546397662172114 "F" 18
7.05756336196309 -2.52970154355876 "G" 18
-8.94673341077036 -2.1540643815229 "F" 18
-0.854940340607212 -0.0767637675983967 "W" 18
-3.14511192841506 3.77732230752851 "Q" 19
4.45802850692047 0.074908961022901 "G" 19
-1.9847707169014 -3.69263937427941 "F" 19
-3.79438676376597 -4.13333514331123 "F" 19
1.36223976128054 -0.475695926191564 "W" 19
-2.05836409519299 5.29523580691203 "Q" 19
0.673534772752144 1.70309761465186 "W" 19
-2.26462556603186 -2.7231029512247 "F" 19
6.90792022449879 -0.0216236158586359 "G" 19
5.40737420197238 0.283459013966007 "G" 19
-2.54280240041798 2.15549372967573 "Q" 19
6.54523745903995 -0.732779391489567 "G" 19
0.0453978306601817 1.73111696438746 "W" 19
-2.52224867166036 -3.08338519603374 "F" 19
-2.9894724778459 -2.70855444512988 "F" 19
5.21271252988337 -0.752232419592757 "G" 19
-2.62824051165493 -1.54602333912902 "F" 19
-1.31281613265425 -3.9289354244513 "F" 19
-0.947208726724672 0.198457132517433 "W" 19
-1.38847307530229 0.548878594748915 "W" 19
5.46355307034808 -0.372093424082418 "G" 19
-4.42437315500159 -2.97792981936151 "F" 19
-1.89133204311925 -3.61105958146044 "F" 19
-2.99481447467077 -4.58763367823994 "F" 19
-3.4525641292132 2.99085064389337 "Q" 19
6.29964713261365 -2.11689700450666 "G" 19
5.66326352059802 -0.592842854527158 "G" 19
0.277926543204362 -1.48492616129297 "W" 19
-2.68322329129283 2.20231403307093 "Q" 19
-2.5554121967713 4.6813989144858 "Q" 19
-2.1995370969788 2.63381568063202 "Q" 19
-1.75367089494264 -2.18576592783494 "F" 19
8.79131977375401 1.05912618097417 "G" 19
4.63015976839892 0.927296097064442 "G" 19
0.335702072234964 -0.254289471568543 "W" 19
-3.26445258201774 4.52520195034875 "Q" 19
-2.85481814630147 -2.84461941018176 "F" 19
-1.42232739461744 1.95127416544398 "Q" 19
-1.04801418431164 -2.94759056158407 "F" 19
-3.65528688008301 -2.04738033368222 "F" 19
0.414507375690738 0.0693761102267223 "W" 19
-0.719945001328931 -0.432128442347141 "W" 19
-1.76201741107438 -1.05956069820911 "W" 19
-0.176012150690164 0.480746757541559 "W" 19
-0.793994004282563 0.981566468318041 "W" 19
4.89852617484269 -0.334103445209583 "G" 19
-3.75909986008892 4.18886634678944 "Q" 19
-3.24730576819906 3.14049415411968 "Q" 19
-0.598240626324584 4.04531611167394 "Q" 19
5.44791163918469 2.0015143007865 "G" 19
8.27030595686942 2.78319912844455 "W" 20
-5.43171880188453 3.55479863588546 "F" 20
-2.22138104532769 -2.24338341294836 "Q" 20
3.17027850444217 -2.31013016843106 "G" 20
1.75994912915404 -1.93379833413833 "G" 20
-6.92037503123422 1.53091906546899 "F" 20
5.96890011134013 2.62040578461849 "W" 20
6.12552456484486 1.61600819818382 "W" 20
-5.37364870145656 1.75783986452097 "F" 20
-0.391831766803894 -3.14406528257951 "Q" 20
-6.55857405724402 1.15364893794252 "F" 20
-6.83994657888264 1.6174588768671 "F" 20
-7.50592412334467 1.1894539346425 "F" 20
0.789254418355289 -4.60820716625498 "G" 20
-6.28237841747979 2.03650108811223 "F" 20
2.74359484734708 -1.29482181945453 "G" 20
-1.85927107256574 -2.81340108136428 "Q" 20
-1.59914983771229 -1.82829726353498 "Q" 20
7.56679552886949 3.70346997961556 "W" 20
-1.98267588440571 -0.390922718522565 "Q" 20
8.06394734577958 2.44017290843995 "W" 20
-6.07662934802398 2.16646939841579 "F" 20
7.41839247583138 2.39568750936544 "W" 20
-5.07642343022596 1.64169601231229 "F" 20
7.43161423336222 2.95233162324677 "W" 20
2.32942134827633 -4.36167299947538 "G" 20
0.34496849311073 -2.92866894813909 "Q" 20
-2.52361154254359 -0.210933831804491 "Q" 20
-2.85099463339385 -0.678505385038828 "Q" 20
3.43817116220999 -3.32989942431393 "G" 20
6.62108429853833 1.73204189078597 "W" 20
-4.66917324849799 1.00333323091583 "F" 20
5.01414870034067 0.258221024554776 "W" 20
2.57467978054643 -0.770412566261073 "G" 20
2.99093086624306 -2.86387271594113 "G" 20
-5.65838019595181 1.05892388865253 "F" 20
6.14241919331171 2.22002740205362 "W" 20
-7.6058507743397 2.47069448128678 "F" 20
0.428755105463486 -4.28361924622187 "G" 20
1.69501680664428 -2.56886649936875 "G" 20
6.34362420144394 3.79971080100288 "W" 20
3.00553996479779 -3.80980336912963 "G" 20
-1.59618782349427 -0.592455038665848 "Q" 20
5.99598237408392 2.87864816952489 "W" 20
1.21443299369086 -2.16875806635521 "G" 20
-6.27485554443592 2.06764096231383 "F" 20
-1.14450422998445 -2.07352388761008 "Q" 20
-0.323608591758699 -2.51109742355634 "Q" 20
-7.20978639976832 1.80862141241429 "F" 20
-3.47085132413687 -0.738807560477682 "Q" 20
